0.1577 0.0000
0.1577 0.0000
0.1081 0.0000
0.1081 0.0000
0.0102 0.0000
0.0102 0.0000
0.0180 0.0000
0.0180 0.0000
0.0036 0.0000
0.0036 0.0000
0.0765 0.0000
0.0765 0.0000
0.0488 0.0000
0.0488 0.0000
0.0740 0.0000
0.0740 0.0000
0.0374 0.0000
0.0374 0.0000
0.2015 0.0000
0.2015 0.0000
0.3208 0.0000
0.3208 0.0000
0.0465 0.0000
0.0465 0.0000
0.1279 0.0000
0.1279 0.0000
0.0608 0.0000
0.0608 0.0000
0.0292 0.0000
0.0292 0.0000
0.3087 0.0000
0.3087 0.0000
0.0820 0.0000
0.0820 0.0000
0.3882 0.0000
0.3882 0.0000
0.1812 0.0000
0.1812 0.0000
0.1562 0.0000
0.1562 0.0000
0.1119 0.0000
0.1119 0.0000
0.0950 0.0000
0.0950 0.0000
0.0824 0.0000
0.0824 0.0000
0.2878 0.0000
0.2878 0.0000
0.0912 0.0000
0.0912 0.0000
0.0654 0.0000
0.0654 0.0000
0.0916 0.0000
0.0916 0.0000
0.4553 0.0000
0.4553 0.0000
0.2400 0.0000
0.2400 0.0000
0.1258 0.0000
0.1258 0.0000
0.1143 0.0000
0.1143 0.0000
0.0963 0.0000
0.0963 0.0000
0.0538 0.0000
0.0538 0.0000
0.2085 0.0000
0.2085 0.0000
0.0389 1.0000
0.0389 1.0000
0.0786 0.3333
0.0786 0.3333
0.0533 0.0000
0.0533 0.0000
0.1226 0.3333
0.1226 0.3333
0.1004 0.0000
0.1004 0.0000
0.1014 0.0000
0.1014 0.0000
0.0908 0.0000
0.0908 0.0000
0.1059 0.3333
0.1059 0.3333
0.0996 0.0000
0.0996 0.0000
0.0800 0.3333
0.0800 0.3333
0.0510 0.3333
0.0510 0.3333
0.0057 1.0000
0.0057 1.0000
0.1130 0.3333
0.1130 0.3333
0.0562 0.3333
0.0562 0.3333
0.1245 0.6667
0.1245 0.6667
0.1644 0.0000
0.1644 0.0000
0.0488 1.0000
0.0488 1.0000
0.1505 0.3333
0.1505 0.3333
0.1359 0.6667
0.1359 0.6667
0.0683 0.6667
0.0683 0.6667
0.0888 0.6667
0.0888 0.6667
0.0462 0.0000
0.0462 0.0000
0.1303 0.6667
0.1303 0.6667
0.1451 0.6667
0.1451 0.6667
0.0713 0.0000
0.0713 0.0000
0.1081 0.0000
0.1081 0.0000
0.0613 0.0000
0.0613 0.0000
0.0822 0.0000
0.0822 0.0000
0.3360 0.0000
0.3360 0.0000
0.1422 0.0000
0.1422 0.0000
0.1200 0.0000
0.1200 0.0000
0.0902 0.0000
0.0902 0.0000
0.0951 0.0000
0.0951 0.0000
0.0485 0.0000
0.0485 0.0000
0.1372 0.0000
0.1372 0.0000
0.0982 0.0000
0.0982 0.0000
0.0781 0.0000
0.0781 0.0000
0.0557 0.0000
0.0557 0.0000
0.1278 0.0000
0.1278 0.0000
0.2097 0.0000
0.2097 0.0000
0.0855 0.0000
0.0855 0.0000
0.0954 0.0000
0.0954 0.0000
0.0954 0.3333
0.0954 0.3333
0.1608 0.0000
0.1608 0.0000
0.1285 0.0000
0.1285 0.0000
0.0385 0.0000
0.0385 0.0000
0.0371 0.0000
0.0371 0.0000
0.2773 0.0000
0.2773 0.0000
0.1975 0.3333
0.1975 0.3333
0.1207 0.3333
0.1207 0.3333
0.0368 0.3333
0.0368 0.3333
0.0504 0.0000
0.0504 0.0000
0.2259 0.0000
0.2259 0.0000
0.0735 1.0000
0.0735 1.0000
0.0784 0.3333
0.0784 0.3333
0.1969 0.0000
0.1969 0.0000
0.0802 0.0000
0.0802 0.0000
0.2097 0.0000
0.2097 0.0000
0.0943 0.0000
0.0943 0.0000
0.0765 0.0000
0.0765 0.0000
0.1576 0.0000
0.1576 0.0000
0.0665 1.0000
0.0665 1.0000
0.0499 0.0000
0.0499 0.0000
0.0627 0.0000
0.0627 0.0000
0.0440 1.0000
0.0440 1.0000
0.1020 0.0000
0.1020 0.0000
0.0514 0.0000
0.0514 0.0000
0.0341 0.3333
0.0341 0.3333
0.0313 0.3333
0.0313 0.3333
0.1005 0.3333
0.1005 0.3333
0.1365 0.0000
0.1365 0.0000
0.0600 0.0000
0.0600 0.0000
0.0593 0.0000
0.0593 0.0000
0.0691 0.0000
0.0691 0.0000
0.0961 0.0000
0.0961 0.0000
0.0476 0.0000
0.0476 0.0000
0.0749 0.3333
0.0749 0.3333
0.0528 0.3333
0.0528 0.3333
0.0335 0.6667
0.0335 0.6667
0.0328 0.0000
0.0328 0.0000
0.0671 0.0000
0.0671 0.0000
0.0110 0.0000
0.0110 0.0000
0.1139 0.3333
0.1139 0.3333
0.0328 0.0000
0.0328 0.0000
0.0758 0.0000
0.0758 0.0000
0.0429 0.0000
0.0429 0.0000
0.0352 0.0000
0.0352 0.0000
0.0128 0.0000
0.0128 0.0000
0.0160 0.0000
0.0160 0.0000
0.0578 0.3333
0.0578 0.3333
0.1378 0.0000
0.1378 0.0000
0.0369 0.3333
0.0369 0.3333
0.0600 1.0000
0.0600 1.0000
0.0459 1.0000
0.0459 1.0000
0.0430 0.6667
0.0430 0.6667
0.1475 0.0000
0.1475 0.0000
0.1663 0.0000
0.1663 0.0000
0.0940 0.3333
0.0940 0.3333
0.0917 0.3333
0.0917 0.3333
0.0225 0.3333
0.0225 0.3333
0.1289 0.0000
0.1289 0.0000
0.1319 0.3333
0.1319 0.3333
0.0711 0.3333
0.0711 0.3333
0.0919 0.3333
0.0919 0.3333
0.0508 0.0000
0.0508 0.0000
0.0758 0.0000
0.0758 0.0000
0.0040 0.0000
0.0040 0.0000
0.0717 0.0000
0.0717 0.0000
0.3698 0.0000
0.3698 0.0000
0.0739 0.0000
0.0739 0.0000
0.0309 0.0000
0.0309 0.0000
0.0398 0.0000
0.0398 0.0000
0.0316 0.0000
0.0316 0.0000
0.0104 0.3333
0.0104 0.3333
0.0106 0.0000
0.0106 0.0000
0.0210 0.0000
0.0210 0.0000
0.0955 0.0000
0.0955 0.0000
0.1248 0.0000
0.1248 0.0000
0.0658 0.0000
0.0658 0.0000
0.0241 0.3333
0.0241 0.3333
0.0967 0.3333
0.0967 0.3333
0.0818 0.0000
0.0818 0.0000
0.0189 1.0000
0.0189 1.0000
0.0097 0.0000
0.0097 0.0000
0.1622 0.0000
0.1622 0.0000
0.2664 0.0000
0.2664 0.0000
0.2202 0.0000
0.2202 0.0000
0.0084 1.0000
0.0084 1.0000
0.1960 0.0000
0.1960 0.0000
0.3374 0.0000
0.3374 0.0000
0.3819 0.0000
0.3819 0.0000
0.0228 1.0000
0.0228 1.0000
0.0159 1.0000
0.0159 1.0000
0.1622 0.0000
0.1622 0.0000
0.1258 0.0000
0.1258 0.0000
0.0713 1.0000
0.0713 1.0000
0.0497 1.0000
0.0497 1.0000
0.0387 0.3333
0.0387 0.3333
0.0448 0.0000
0.0448 0.0000
0.1492 0.0000
0.1492 0.0000
0.0911 0.0000
0.0911 0.0000
0.0173 1.0000
0.0173 1.0000
0.0446 0.6667
0.0446 0.6667
0.0323 0.3333
0.0323 0.3333
0.0168 1.0000
0.0168 1.0000
0.0121 1.0000
0.0121 1.0000
0.0147 1.0000
0.0147 1.0000
0.0638 0.0000
0.0638 0.0000
0.0116 0.0000
0.0116 0.0000
0.1639 0.0000
0.1639 0.0000
0.0700 0.3333
0.0700 0.3333
0.0261 1.0000
0.0261 1.0000
0.0271 0.0000
0.0271 0.0000
0.0170 1.0000
0.0170 1.0000
0.0146 1.0000
0.0146 1.0000
0.0093 0.0000
0.0093 0.0000
0.0286 0.3333
0.0286 0.3333
0.0454 1.0000
0.0454 1.0000
0.0393 1.0000
0.0393 1.0000
0.0264 1.0000
0.0264 1.0000
0.0208 0.0000
0.0208 0.0000
0.0456 1.0000
0.0456 1.0000
0.0482 1.0000
0.0482 1.0000
0.2149 0.0000
0.2149 0.0000
0.1415 0.6667
0.1415 0.6667
0.0918 0.0000
0.0918 0.0000
0.0290 0.6667
0.0290 0.6667
0.2152 0.0000
0.2152 0.0000
0.0847 0.3333
0.0847 0.3333
0.1420 0.3333
0.1420 0.3333
0.0360 0.0000
0.0360 0.0000
0.0201 1.0000
0.0201 1.0000
0.1530 0.0000
0.1530 0.0000
0.1453 0.6667
0.1453 0.6667
0.1575 0.0000
0.1575 0.0000
0.0579 0.0000
0.0579 0.0000
0.2757 0.0000
0.2757 0.0000
0.1056 0.0000
0.1056 0.0000
0.0629 0.6667
0.0629 0.6667
0.0502 0.0000
0.0502 0.0000
0.0342 1.0000
0.0342 1.0000
0.1151 0.6667
0.1151 0.6667
0.2514 0.0000
0.2514 0.0000
0.1179 0.0000
0.1179 0.0000
0.0775 0.0000
0.0775 0.0000
0.1431 0.0000
0.1431 0.0000
0.2925 0.0000
0.2925 0.0000
0.1701 0.0000
0.1701 0.0000
0.1146 0.0000
0.1146 0.0000
0.0689 0.3333
0.0689 0.3333
0.0517 0.0000
0.0517 0.0000
0.1677 0.0000
0.1677 0.0000
0.1944 0.0000
0.1944 0.0000
0.1650 0.0000
0.1650 0.0000
0.1115 0.0000
0.1115 0.0000
0.0808 0.0000
0.0808 0.0000
0.0942 0.0000
0.0942 0.0000
0.3223 0.0000
0.3223 0.0000
0.1611 0.0000
0.1611 0.0000
0.1259 0.0000
0.1259 0.0000
0.1226 0.0000
0.1226 0.0000
0.2662 0.0000
0.2662 0.0000
0.0752 0.0000
0.0752 0.0000
0.1163 0.0000
0.1163 0.0000
0.1222 0.3333
0.1222 0.3333
0.0610 0.3333
0.0610 0.3333
0.1172 0.3333
0.1172 0.3333
0.0260 0.6667
0.0260 0.6667
0.1359 0.0000
0.1359 0.0000
0.0878 0.0000
0.0878 0.0000
0.0859 0.0000
0.0859 0.0000
0.0675 0.0000
0.0675 0.0000
0.0444 1.0000
0.0444 1.0000
0.0417 1.0000
0.0417 1.0000
0.0258 1.0000
0.0258 1.0000
0.1188 0.0000
0.1188 0.0000
0.1127 0.0000
0.1127 0.0000
0.1560 0.0000
0.1560 0.0000
0.1412 0.0000
0.1412 0.0000
0.1354 0.0000
0.1354 0.0000
0.1589 0.0000
0.1589 0.0000
0.1608 0.0000
0.1608 0.0000
0.1182 0.0000
0.1182 0.0000
0.1080 0.0000
0.1080 0.0000
0.1172 0.3333
0.1172 0.3333
0.1463 0.0000
0.1463 0.0000
0.1738 0.0000
0.1738 0.0000
0.0585 0.0000
0.0585 0.0000
0.1091 0.6667
0.1091 0.6667
0.1840 0.0000
0.1840 0.0000
0.0686 0.6667
0.0686 0.6667
0.0432 0.0000
0.0432 0.0000
0.0573 0.0000
0.0573 0.0000
0.1167 0.0000
0.1167 0.0000
0.0087 1.0000
0.0087 1.0000
0.0285 1.0000
0.0285 1.0000
0.4872 0.0000
0.4872 0.0000
0.2124 0.0000
0.2124 0.0000
0.1291 0.6667
0.1291 0.6667
0.1446 0.6667
0.1446 0.6667
0.1154 0.6667
0.1154 0.6667
0.4893 0.0000
0.4893 0.0000
0.1895 0.0000
0.1895 0.0000
0.1629 0.0000
0.1629 0.0000
0.2324 0.0000
0.2324 0.0000
0.2507 0.0000
0.2507 0.0000
0.2361 0.0000
0.2361 0.0000
0.3921 0.0000
0.3921 0.0000
0.2707 0.0000
0.2707 0.0000
0.3480 0.0000
0.3480 0.0000
0.4886 0.0000
0.4886 0.0000
0.2022 0.0000
0.2022 0.0000
0.1847 0.0000
0.1847 0.0000
0.1954 0.0000
0.1954 0.0000
0.2372 0.0000
0.2372 0.0000
0.1816 0.0000
0.1816 0.0000
0.1763 0.0000
0.1763 0.0000
0.1200 0.3333
0.1200 0.3333
0.4484 0.0000
0.4484 0.0000
0.2765 0.0000
0.2765 0.0000
0.2679 0.0000
0.2679 0.0000
0.1828 0.3333
0.1828 0.3333
0.0989 0.0000
0.0989 0.0000
0.1011 0.0000
0.1011 0.0000
0.0716 0.0000
0.0716 0.0000
0.0650 0.3333
0.0650 0.3333
0.1005 0.3333
0.1005 0.3333
0.1114 0.3333
0.1114 0.3333
0.0627 0.3333
0.0627 0.3333
0.0859 0.3333
0.0859 0.3333
0.1607 0.0000
0.1607 0.0000
0.0874 0.3333
0.0874 0.3333
0.2126 0.0000
0.2126 0.0000
0.1417 0.0000
0.1417 0.0000
0.2700 0.0000
0.2700 0.0000
0.0540 0.6667
0.0540 0.6667
0.3086 0.0000
0.3086 0.0000
0.2497 0.0000
0.2497 0.0000
0.1130 0.0000
0.1130 0.0000
0.3584 0.0000
0.3584 0.0000
0.1886 0.0000
0.1886 0.0000
0.2814 0.0000
0.2814 0.0000
0.0827 0.6667
0.0827 0.6667
0.0864 0.6667
0.0864 0.6667
0.0571 0.0000
0.0571 0.0000
0.2787 0.0000
0.2787 0.0000
0.0594 0.6667
0.0594 0.6667
0.0581 0.6667
0.0581 0.6667
0.3363 0.0000
0.3363 0.0000
0.0921 0.6667
0.0921 0.6667
0.0624 0.6667
0.0624 0.6667
0.2491 0.6667
0.2491 0.6667
0.1384 0.6667
0.1384 0.6667
0.2143 0.0000
0.2143 0.0000
0.1959 0.0000
0.1959 0.0000
0.1203 1.0000
0.1203 1.0000
0.1908 0.0000
0.1908 0.0000
0.1262 0.0000
0.1262 0.0000
0.1486 0.0000
0.1486 0.0000
0.1210 0.6667
0.1210 0.6667
0.1014 0.0000
0.1014 0.0000
0.1309 0.0000
0.1309 0.0000
0.1728 0.6667
0.1728 0.6667
0.0687 0.0000
0.0687 0.0000
0.1465 0.6667
0.1465 0.6667
0.3344 0.0000
0.3344 0.0000
0.2898 0.0000
0.2898 0.0000
0.1633 0.0000
0.1633 0.0000
0.1885 0.0000
0.1885 0.0000
0.1506 0.0000
0.1506 0.0000
0.1038 0.3333
0.1038 0.3333
0.1622 0.0000
0.1622 0.0000
0.0555 0.6667
0.0555 0.6667
0.0745 0.6667
0.0745 0.6667
0.1602 0.6667
0.1602 0.6667
0.2279 0.6667
0.2279 0.6667
0.5778 0.0000
0.5778 0.0000
0.1827 0.0000
0.1827 0.0000
0.1862 0.0000
0.1862 0.0000
0.0930 0.3333
0.0930 0.3333
0.1105 0.6667
0.1105 0.6667
0.2064 0.0000
0.2064 0.0000
1.0000 0.0000
1.0000 0.0000
0.1868 0.3333
0.1868 0.3333
0.2662 0.0000
0.2662 0.0000
0.2324 0.0000
0.2324 0.0000
0.1164 1.0000
0.1164 1.0000
0.0826 1.0000
0.0826 1.0000
0.0463 0.6667
0.0463 0.6667
0.0772 0.0000
0.0772 0.0000
0.0330 0.6667
0.0330 0.6667
0.3482 0.0000
0.3482 0.0000
0.0784 0.6667
0.0784 0.6667
0.0869 0.6667
0.0869 0.6667
0.2818 0.0000
0.2818 0.0000
0.0545 0.0000
0.0545 0.0000
0.1731 0.6667
0.1731 0.6667
0.0862 0.6667
0.0862 0.6667
0.0930 0.0000
0.0930 0.0000
0.1073 0.6667
0.1073 0.6667
0.1643 0.3333
0.1643 0.3333
0.1240 0.6667
0.1240 0.6667
0.3688 0.0000
0.3688 0.0000
0.2481 0.0000
0.2481 0.0000
0.1944 0.0000
0.1944 0.0000
0.1371 0.0000
0.1371 0.0000
0.1872 0.0000
0.1872 0.0000
0.0940 0.0000
0.0940 0.0000
0.2818 0.0000
0.2818 0.0000
0.2327 0.0000
0.2327 0.0000
0.0794 0.6667
0.0794 0.6667
0.1273 0.0000
0.1273 0.0000
0.0512 1.0000
0.0512 1.0000
0.1094 0.6667
0.1094 0.6667
0.2104 0.0000
0.2104 0.0000
0.1593 0.6667
0.1593 0.6667
0.0997 0.6667
0.0997 0.6667
0.0475 0.0000
0.0475 0.0000
0.0179 0.6667
0.0179 0.6667
0.0294 0.6667
0.0294 0.6667
0.1464 0.0000
0.1464 0.0000
0.1141 0.6667
0.1141 0.6667
0.0699 0.6667
0.0699 0.6667
0.1998 0.6667
0.1998 0.6667
0.1730 0.6667
0.1730 0.6667
0.0961 0.6667
0.0961 0.6667
0.0841 0.6667
0.0841 0.6667
0.0701 0.6667
0.0701 0.6667
0.0485 0.6667
0.0485 0.6667
0.2857 0.0000
0.2857 0.0000
0.1599 0.0000
0.1599 0.0000
0.4311 0.0000
0.4311 0.0000
0.1100 0.0000
0.1100 0.0000
0.2036 0.0000
0.2036 0.0000
0.1710 0.6667
0.1710 0.6667
0.0514 0.3333
0.0514 0.3333
0.1230 0.0000
0.1230 0.0000
0.2221 0.0000
0.2221 0.0000
0.1384 0.0000
0.1384 0.0000
0.1806 0.0000
0.1806 0.0000
0.2272 0.0000
0.2272 0.0000
0.1046 0.0000
0.1046 0.0000
0.1101 0.6667
0.1101 0.6667
0.1636 0.0000
0.1636 0.0000
0.4097 0.0000
0.4097 0.0000
0.1601 0.0000
0.1601 0.0000
0.2829 0.0000
0.2829 0.0000
0.0915 0.0000
0.0915 0.0000
0.2939 0.0000
0.2939 0.0000
0.1318 0.6667
0.1318 0.6667
0.4941 0.0000
0.4941 0.0000
0.1592 0.0000
0.1592 0.0000
0.0850 0.0000
0.0850 0.0000
0.1118 0.6667
0.1118 0.6667
0.1570 0.3333
0.1570 0.3333
0.1129 0.0000
0.1129 0.0000
0.1560 0.0000
0.1560 0.0000
0.2513 0.0000
0.2513 0.0000
0.0514 0.3333
0.0514 0.3333
0.2850 0.0000
0.2850 0.0000
0.2496 0.0000
0.2496 0.0000
0.1282 0.3333
0.1282 0.3333
0.1609 0.3333
0.1609 0.3333
0.0650 0.3333
0.0650 0.3333
0.0710 0.0000
0.0710 0.0000
0.0905 0.6667
0.0905 0.6667
0.0893 0.3333
0.0893 0.3333
0.2414 0.0000
0.2414 0.0000
0.1219 0.6667
0.1219 0.6667
0.1411 0.3333
0.1411 0.3333
0.1365 0.0000
0.1365 0.0000
0.2844 0.0000
0.2844 0.0000
0.1184 0.0000
0.1184 0.0000
0.0698 0.0000
0.0698 0.0000
0.1147 0.0000
0.1147 0.0000
0.1398 0.0000
0.1398 0.0000
0.1094 0.0000
0.1094 0.0000
0.3140 0.0000
0.3140 0.0000
0.0788 0.0000
0.0788 0.0000
0.0989 0.0000
0.0989 0.0000
0.0970 0.3333
0.0970 0.3333
0.0732 0.0000
0.0732 0.0000
0.0990 0.3333
0.0990 0.3333
0.0203 0.3333
0.0203 0.3333
0.0708 0.3333
0.0708 0.3333
0.0318 0.3333
0.0318 0.3333
0.0944 0.0000
0.0944 0.0000
0.0600 1.0000
0.0600 1.0000
0.1638 0.0000
0.1638 0.0000
0.0827 0.0000
0.0827 0.0000
0.0437 1.0000
0.0437 1.0000
0.1063 0.0000
0.1063 0.0000
0.0563 0.0000
0.0563 0.0000
0.3929 0.0000
0.3929 0.0000
0.1239 0.6667
0.1239 0.6667
0.1275 0.0000
0.1275 0.0000
0.3147 0.0000
0.3147 0.0000
0.5467 0.0000
0.5467 0.0000
0.1821 0.0000
0.1821 0.0000
0.0724 0.3333
0.0724 0.3333
0.0551 0.3333
0.0551 0.3333
0.1378 0.6667
0.1378 0.6667
0.3081 0.0000
0.3081 0.0000
0.1253 0.6667
0.1253 0.6667
0.1002 0.6667
0.1002 0.6667
0.1599 0.0000
0.1599 0.0000
0.1923 0.0000
0.1923 0.0000
0.1828 0.0000
0.1828 0.0000
0.4542 0.0000
0.4542 0.0000
0.0724 0.3333
0.0724 0.3333
0.3316 0.0000
0.3316 0.0000
0.0998 0.0000
0.0998 0.0000
0.1918 0.3333
0.1918 0.3333
0.0580 0.6667
0.0580 0.6667
0.0507 0.6667
0.0507 0.6667
0.1026 0.3333
0.1026 0.3333
0.0392 0.3333
0.0392 0.3333
0.0903 0.0000
0.0903 0.0000
0.1568 0.0000
0.1568 0.0000
0.0644 0.0000
0.0644 0.0000
0.1938 0.0000
0.1938 0.0000
0.1736 0.0000
0.1736 0.0000
0.1855 0.0000
0.1855 0.0000
0.0722 0.3333
0.0722 0.3333
0.0790 0.3333
0.0790 0.3333
0.4321 0.0000
0.4321 0.0000
0.3747 0.0000
0.3747 0.0000
0.1481 0.0000
0.1481 0.0000
0.0503 0.3333
0.0503 0.3333
0.0590 0.3333
0.0590 0.3333
0.0743 0.3333
0.0743 0.3333
0.0526 0.3333
0.0526 0.3333
0.0610 1.0000
0.0610 1.0000
0.0247 1.0000
0.0247 1.0000
0.0838 0.0000
0.0838 0.0000
0.0887 0.0000
0.0887 0.0000
0.3575 0.0000
0.3575 0.0000
0.1685 0.0000
0.1685 0.0000
0.3755 0.0000
0.3755 0.0000
0.0931 0.0000
0.0931 0.0000
0.1341 0.0000
0.1341 0.0000
0.1076 0.0000
0.1076 0.0000
0.1492 0.0000
0.1492 0.0000
0.3485 0.0000
0.3485 0.0000
0.2331 0.0000
0.2331 0.0000
0.1687 0.0000
0.1687 0.0000
0.0878 0.0000
0.0878 0.0000
0.0000 0.6667
0.0000 0.6667
0.0284 0.6667
0.0284 0.6667
0.1463 0.0000
0.1463 0.0000
0.2336 0.0000
0.2336 0.0000
0.1406 0.0000
0.1406 0.0000
0.1749 0.0000
0.1749 0.0000
0.2033 0.3333
0.2033 0.3333
0.1962 0.0000
0.1962 0.0000
0.2148 0.3333
0.2148 0.3333
0.0425 0.6667
0.0425 0.6667
0.5124 0.0000
0.5124 0.0000
0.1916 0.0000
0.1916 0.0000
0.0715 0.3333
0.0715 0.3333
0.0816 0.0000
0.0816 0.0000
0.1264 0.0000
0.1264 0.0000
0.0671 0.3333
0.0671 0.3333
0.1575 0.0000
0.1575 0.0000
0.0381 0.3333
0.0381 0.3333
0.0915 0.0000
0.0915 0.0000
0.1131 0.0000
0.1131 0.0000
0.0884 0.0000
0.0884 0.0000
0.0518 1.0000
0.0518 1.0000
0.0420 1.0000
0.0420 1.0000
0.0528 0.0000
0.0528 0.0000
0.0669 0.0000
0.0669 0.0000
0.0920 0.3333
0.0920 0.3333
0.0595 0.6667
0.0595 0.6667
0.0422 0.6667
0.0422 0.6667
0.0470 0.6667
0.0470 0.6667
0.1357 0.0000
0.1357 0.0000
0.0888 0.0000
0.0888 0.0000
0.0429 0.6667
0.0429 0.6667
0.0667 0.6667
0.0667 0.6667
0.0440 0.6667
0.0440 0.6667
0.0925 0.6667
0.0925 0.6667
0.1889 0.6667
0.1889 0.6667
0.0552 0.6667
0.0552 0.6667
0.1138 0.6667
0.1138 0.6667
0.1262 0.0000
0.1262 0.0000
0.0557 0.6667
0.0557 0.6667
0.1519 0.0000
0.1519 0.0000
0.2791 0.0000
0.2791 0.0000
0.2294 0.0000
0.2294 0.0000
0.2606 0.0000
0.2606 0.0000
0.3567 0.0000
0.3567 0.0000
0.2411 0.3333
0.2411 0.3333
0.1807 0.0000
0.1807 0.0000
0.2940 0.0000
0.2940 0.0000
0.0706 0.3333
0.0706 0.3333
0.0595 0.3333
0.0595 0.3333
0.0566 0.6667
0.0566 0.6667
0.0739 0.6667
0.0739 0.6667
0.0437 0.3333
0.0437 0.3333
0.0107 1.0000
0.0107 1.0000
0.0649 0.3333
0.0649 0.3333
0.0306 0.6667
0.0306 0.6667
0.1887 0.3333
0.1887 0.3333
0.1258 0.0000
0.1258 0.0000
0.4356 0.0000
0.4356 0.0000
0.1229 0.3333
0.1229 0.3333
0.3015 0.0000
0.3015 0.0000
0.4461 0.0000
0.4461 0.0000
0.1484 0.0000
0.1484 0.0000
0.1095 0.0000
0.1095 0.0000
0.1181 0.0000
0.1181 0.0000
0.1902 0.0000
0.1902 0.0000
0.1673 0.0000
0.1673 0.0000
0.0755 0.6667
0.0755 0.6667
0.1143 0.0000
0.1143 0.0000
0.2085 0.0000
0.2085 0.0000
0.1306 0.6667
0.1306 0.6667
0.0812 0.0000
0.0812 0.0000
0.2861 0.0000
0.2861 0.0000
0.5121 0.0000
0.5121 0.0000
0.2130 0.0000
0.2130 0.0000
0.3548 0.0000
0.3548 0.0000
0.5980 0.0000
0.5980 0.0000
0.2084 0.0000
0.2084 0.0000
0.1674 0.0000
0.1674 0.0000
0.1476 0.0000
0.1476 0.0000
0.0663 0.3333
0.0663 0.3333
0.0718 0.3333
0.0718 0.3333
0.1109 0.3333
0.1109 0.3333
0.0485 0.3333
0.0485 0.3333
0.1242 0.0000
0.1242 0.0000
0.2879 0.0000
0.2879 0.0000
0.1622 0.0000
0.1622 0.0000
0.4044 0.0000
0.4044 0.0000
0.1354 0.0000
0.1354 0.0000
0.1619 0.0000
0.1619 0.0000
0.1673 0.6667
0.1673 0.6667
0.1490 0.0000
0.1490 0.0000
0.0373 1.0000
0.0373 1.0000
0.2052 0.0000
0.2052 0.0000
0.1573 0.0000
0.1573 0.0000
0.1309 0.0000
0.1309 0.0000
0.2298 0.6667
0.2298 0.6667
0.1125 0.6667
0.1125 0.6667
0.1239 0.6667
0.1239 0.6667
0.1009 0.0000
0.1009 0.0000
0.3176 0.0000
0.3176 0.0000
0.5892 0.0000
0.5892 0.0000
0.3228 0.0000
0.3228 0.0000
0.4693 0.0000
0.4693 0.0000
0.4941 0.0000
0.4941 0.0000
0.4167 0.0000
0.4167 0.0000
0.2311 0.0000
0.2311 0.0000
0.2363 0.0000
0.2363 0.0000
0.4197 0.0000
0.4197 0.0000
0.1766 0.0000
0.1766 0.0000
0.5291 0.0000
0.5291 0.0000
0.3409 0.0000
0.3409 0.0000
0.6244 0.0000
0.6244 0.0000
0.1488 0.0000
0.1488 0.0000
0.2614 0.0000
0.2614 0.0000
0.1280 0.0000
0.1280 0.0000
0.2716 0.0000
0.2716 0.0000
0.5587 0.0000
0.5587 0.0000
0.0819 0.0000
0.0819 0.0000
0.0982 0.0000
0.0982 0.0000
0.0833 0.0000
0.0833 0.0000
0.0678 0.0000
0.0678 0.0000
0.1893 0.0000
0.1893 0.0000
0.3337 0.0000
0.3337 0.0000
0.1735 0.0000
0.1735 0.0000
0.1492 0.0000
0.1492 0.0000
0.2744 0.0000
0.2744 0.0000
0.1810 0.0000
0.1810 0.0000
0.2549 0.0000
0.2549 0.0000
0.3192 0.0000
0.3192 0.0000
0.4101 0.0000
0.4101 0.0000
0.0581 0.3333
0.0581 0.3333
0.0951 0.3333
0.0951 0.3333
0.0479 0.3333
0.0479 0.3333
0.0271 0.0000
0.0271 0.0000
0.1375 0.0000
0.1375 0.0000
0.2690 0.0000
0.2690 0.0000
0.0450 1.0000
0.0450 1.0000
0.0478 0.6667
0.0478 0.6667
0.0256 0.3333
0.0256 0.3333
0.0436 0.0000
0.0436 0.0000
0.0967 0.0000
0.0967 0.0000
0.0468 0.0000
0.0468 0.0000
0.0257 0.3333
0.0257 0.3333
0.0218 0.6667
0.0218 0.6667
0.0431 0.0000
0.0431 0.0000
0.0377 0.0000
0.0377 0.0000
0.0598 0.6667
0.0598 0.6667
0.0569 0.6667
0.0569 0.6667
0.0406 0.6667
0.0406 0.6667
0.0290 0.6667
0.0290 0.6667
0.0723 0.0000
0.0723 0.0000
0.0383 0.0000
0.0383 0.0000
0.3123 0.0000
0.3123 0.0000
0.5715 0.0000
0.5715 0.0000
0.2627 0.0000
0.2627 0.0000
0.2220 0.0000
0.2220 0.0000
0.6129 0.0000
0.6129 0.0000
0.0343 0.6667
0.0343 0.6667
0.1048 0.0000
0.1048 0.0000
0.2137 0.0000
0.2137 0.0000
0.2798 0.0000
0.2798 0.0000
0.1564 0.0000
0.1564 0.0000
0.3280 0.0000
0.3280 0.0000
0.1786 0.0000
0.1786 0.0000
0.1728 0.0000
0.1728 0.0000
0.1322 0.0000
0.1322 0.0000
0.2983 0.0000
0.2983 0.0000
0.5469 0.0000
0.5469 0.0000
0.5818 0.0000
0.5818 0.0000
0.2564 0.0000
0.2564 0.0000
0.1993 0.0000
0.1993 0.0000
0.5913 0.0000
0.5913 0.0000
0.2977 0.0000
0.2977 0.0000
0.2272 0.0000
0.2272 0.0000
0.2611 0.0000
0.2611 0.0000
0.5913 0.0000
0.5913 0.0000
0.2205 0.0000
0.2205 0.0000
0.2384 0.3333
0.2384 0.3333
0.1450 0.0000
0.1450 0.0000
0.1923 0.3333
0.1923 0.3333
0.2927 0.0000
0.2927 0.0000
0.0430 0.3333
0.0430 0.3333
0.0730 0.3333
0.0730 0.3333
0.1054 0.3333
0.1054 0.3333
0.0363 0.3333
0.0363 0.3333
0.0100 0.3333
0.0100 0.3333
0.1166 0.0000
0.1166 0.0000
0.0858 0.0000
0.0858 0.0000
0.0875 0.3333
0.0875 0.3333
0.0652 0.0000
0.0652 0.0000
0.0543 0.0000
0.0543 0.0000
0.2017 0.0000
0.2017 0.0000
0.2310 0.0000
0.2310 0.0000
0.2326 0.0000
0.2326 0.0000
0.2233 0.0000
0.2233 0.0000
0.4840 0.0000
0.4840 0.0000
0.0884 0.0000
0.0884 0.0000
0.0924 0.3333
0.0924 0.3333
0.0678 0.3333
0.0678 0.3333
0.0520 0.3333
0.0520 0.3333
0.1212 0.0000
0.1212 0.0000
0.4743 0.0000
0.4743 0.0000
0.6193 0.0000
0.6193 0.0000
0.1753 0.0000
0.1753 0.0000
0.2051 0.0000
0.2051 0.0000
0.0572 0.3333
0.0572 0.3333
0.0267 0.6667
0.0267 0.6667
0.0481 0.3333
0.0481 0.3333
0.0851 0.0000
0.0851 0.0000
0.1965 0.0000
0.1965 0.0000
0.4850 0.0000
0.4850 0.0000
0.0462 0.3333
0.0462 0.3333
0.0169 0.3333
0.0169 0.3333
0.3240 0.0000
0.3240 0.0000
0.1194 0.0000
0.1194 0.0000
0.0948 0.3333
0.0948 0.3333
0.0250 1.0000
0.0250 1.0000
0.4613 0.0000
0.4613 0.0000
0.2037 0.0000
0.2037 0.0000
0.1417 0.0000
0.1417 0.0000
0.1626 0.0000
0.1626 0.0000
0.1936 0.0000
0.1936 0.0000
0.4677 0.0000
0.4677 0.0000
0.0578 0.3333
0.0578 0.3333
0.5913 0.0000
0.5913 0.0000
0.1976 0.0000
0.1976 0.0000
0.0260 1.0000
0.0260 1.0000
0.1452 0.0000
0.1452 0.0000
0.1050 0.0000
0.1050 0.0000
0.1282 0.0000
0.1282 0.0000
0.0252 0.6667
0.0252 0.6667
0.2069 0.0000
0.2069 0.0000
0.1664 0.0000
0.1664 0.0000
0.1910 0.0000
0.1910 0.0000
0.5968 0.0000
0.5968 0.0000
0.2727 0.0000
0.2727 0.0000
0.0250 1.0000
0.0250 1.0000
0.2265 0.0000
0.2265 0.0000
0.1561 0.0000
0.1561 0.0000
0.0715 0.3333
0.0715 0.3333
0.0514 0.3333
0.0514 0.3333
0.0381 0.3333
0.0381 0.3333
0.0545 0.0000
0.0545 0.0000
0.1412 0.3333
0.1412 0.3333
0.0511 0.3333
0.0511 0.3333
0.1049 0.3333
0.1049 0.3333
0.0346 0.6667
0.0346 0.6667
0.0761 0.3333
0.0761 0.3333
0.0208 0.6667
0.0208 0.6667
0.0373 0.3333
0.0373 0.3333
0.0514 0.3333
0.0514 0.3333
0.1016 0.3333
0.1016 0.3333
0.2677 0.0000
0.2677 0.0000
0.5787 0.0000
0.5787 0.0000
0.3122 0.0000
0.3122 0.0000
0.0238 1.0000
0.0238 1.0000
0.5872 0.0000
0.5872 0.0000
0.1645 0.3333
0.1645 0.3333
0.0942 0.3333
0.0942 0.3333
0.3103 0.0000
0.3103 0.0000
0.3109 0.3333
0.3109 0.3333
0.0222 1.0000
0.0222 1.0000
0.2299 0.3333
0.2299 0.3333
0.2711 0.3333
0.2711 0.3333
0.1705 0.0000
0.1705 0.0000
0.1272 0.0000
0.1272 0.0000
0.1238 0.3333
0.1238 0.3333
0.1257 0.0000
0.1257 0.0000
0.1200 0.0000
0.1200 0.0000
0.2586 0.0000
0.2586 0.0000
0.2133 0.0000
0.2133 0.0000
0.5767 0.0000
0.5767 0.0000
0.2369 0.0000
0.2369 0.0000
0.1835 0.0000
0.1835 0.0000
0.3782 0.0000
0.3782 0.0000
0.1731 0.0000
0.1731 0.0000
0.3733 0.0000
0.3733 0.0000
0.0281 1.0000
0.0281 1.0000
0.0163 1.0000
0.0163 1.0000
0.6408 0.0000
0.6408 0.0000
0.2410 0.0000
0.2410 0.0000
0.2498 0.0000
0.2498 0.0000
0.0520 0.0000
0.0520 0.0000
0.1725 0.0000
0.1725 0.0000
0.0589 0.0000
0.0589 0.0000
0.1424 0.0000
0.1424 0.0000
0.0704 0.0000
0.0704 0.0000
0.2240 0.0000
0.2240 0.0000
0.4069 0.0000
0.4069 0.0000
0.1737 0.0000
0.1737 0.0000
0.1928 0.0000
0.1928 0.0000
0.0483 0.0000
0.0483 0.0000
0.0905 0.0000
0.0905 0.0000
0.1514 0.0000
0.1514 0.0000
0.2013 0.0000
0.2013 0.0000
0.0404 0.6667
0.0404 0.6667
0.2608 0.0000
0.2608 0.0000
0.2081 0.0000
0.2081 0.0000
0.2359 0.0000
0.2359 0.0000
0.2625 0.0000
0.2625 0.0000
0.1640 0.0000
0.1640 0.0000
0.0383 0.0000
0.0383 0.0000
0.2624 0.0000
0.2624 0.0000
0.1312 0.0000
0.1312 0.0000
0.1076 0.0000
0.1076 0.0000
0.0195 0.0000
0.0195 0.0000
0.2000 0.0000
0.2000 0.0000
0.0114 0.0000
0.0114 0.0000
0.2340 0.0000
0.2340 0.0000
0.2787 0.0000
0.2787 0.0000
0.3599 0.0000
0.3599 0.0000
0.5401 0.0000
0.5401 0.0000
0.0348 1.0000
0.0348 1.0000
0.5223 0.0000
0.5223 0.0000
0.2524 0.0000
0.2524 0.0000
0.0745 0.0000
0.0745 0.0000
0.0960 0.0000
0.0960 0.0000
0.1273 0.0000
0.1273 0.0000
0.0466 0.3333
0.0466 0.3333
0.1428 0.0000
0.1428 0.0000
0.2635 0.0000
0.2635 0.0000
0.0866 0.3333
0.0866 0.3333
0.1627 0.0000
0.1627 0.0000
0.2554 0.0000
0.2554 0.0000
0.1439 0.0000
0.1439 0.0000
0.0972 0.0000
0.0972 0.0000
0.2952 0.0000
0.2952 0.0000
0.2535 0.0000
0.2535 0.0000
0.0248 1.0000
0.0248 1.0000
0.0375 1.0000
0.0375 1.0000
0.5987 0.0000
0.5987 0.0000
0.1513 0.0000
0.1513 0.0000
0.1903 0.0000
0.1903 0.0000
0.1896 0.0000
0.1896 0.0000
0.1513 0.0000
0.1513 0.0000
0.0709 0.3333
0.0709 0.3333
0.0590 0.0000
0.0590 0.0000
0.0488 0.0000
0.0488 0.0000
0.1465 0.0000
0.1465 0.0000
0.0170 1.0000
0.0170 1.0000
0.1129 0.0000
0.1129 0.0000
0.1379 0.0000
0.1379 0.0000
0.1670 0.0000
0.1670 0.0000
0.1120 0.0000
0.1120 0.0000
0.0457 0.6667
0.0457 0.6667
0.0196 0.0000
0.0196 0.0000
0.0390 0.0000
0.0390 0.0000
0.1762 0.0000
0.1762 0.0000
0.2124 0.0000
0.2124 0.0000
0.1320 0.0000
0.1320 0.0000
0.1429 0.0000
0.1429 0.0000
0.1584 0.0000
0.1584 0.0000
0.1801 0.0000
0.1801 0.0000
0.1304 0.0000
0.1304 0.0000
0.0630 0.3333
0.0630 0.3333
0.0398 0.3333
0.0398 0.3333
0.0396 1.0000
0.0396 1.0000
0.0482 0.3333
0.0482 0.3333
0.0687 0.0000
0.0687 0.0000
0.0876 0.0000
0.0876 0.0000
0.0455 0.3333
0.0455 0.3333
0.1506 0.0000
0.1506 0.0000
0.0440 1.0000
0.0440 1.0000
0.1844 0.0000
0.1844 0.0000
0.0401 0.6667
0.0401 0.6667
0.0763 0.0000
0.0763 0.0000
0.1223 0.0000
0.1223 0.0000
0.3116 0.0000
0.3116 0.0000
0.2383 0.0000
0.2383 0.0000
0.1511 0.0000
0.1511 0.0000
0.1893 0.0000
0.1893 0.0000
0.1212 0.0000
0.1212 0.0000
0.1102 0.3333
0.1102 0.3333
0.0429 0.6667
0.0429 0.6667
0.0651 0.0000
0.0651 0.0000
0.1518 0.3333
0.1518 0.3333
0.0893 0.3333
0.0893 0.3333
0.1016 0.3333
0.1016 0.3333
0.1441 0.3333
0.1441 0.3333
0.0687 0.0000
0.0687 0.0000
0.1383 0.0000
0.1383 0.0000
0.3232 0.0000
0.3232 0.0000
0.0708 0.0000
0.0708 0.0000
0.0398 0.0000
0.0398 0.0000
0.0926 0.0000
0.0926 0.0000
0.0874 0.0000
0.0874 0.0000
0.1444 0.0000
0.1444 0.0000
0.0339 0.0000
0.0339 0.0000
0.0779 0.3333
0.0779 0.3333
0.0337 0.0000
0.0337 0.0000
0.0295 0.0000
0.0295 0.0000
0.2934 0.0000
0.2934 0.0000
0.0499 0.0000
0.0499 0.0000
0.2543 0.0000
0.2543 0.0000
0.0693 0.0000
0.0693 0.0000
0.0905 0.3333
0.0905 0.3333
0.1781 0.0000
0.1781 0.0000
0.0856 0.0000
0.0856 0.0000
0.1063 0.3333
0.1063 0.3333
0.0894 0.0000
0.0894 0.0000
0.0024 1.0000
0.0024 1.0000
0.1445 0.3333
0.1445 0.3333
0.2165 0.0000
0.2165 0.0000
0.1060 0.0000
0.1060 0.0000
0.1112 0.3333
0.1112 0.3333
0.1146 0.0000
0.1146 0.0000
0.1301 0.3333
0.1301 0.3333
0.1917 0.3333
0.1917 0.3333
0.0876 0.3333
0.0876 0.3333
0.2234 0.0000
0.2234 0.0000
0.1544 0.3333
0.1544 0.3333
0.1449 0.3333
0.1449 0.3333
0.2183 0.3333
0.2183 0.3333
0.2792 0.0000
0.2792 0.0000
0.0462 0.3333
0.0462 0.3333
0.0911 0.3333
0.0911 0.3333
0.0093 0.3333
0.0093 0.3333
0.0735 0.3333
0.0735 0.3333
0.1462 0.3333
0.1462 0.3333
0.2338 0.0000
0.2338 0.0000
0.1210 0.3333
0.1210 0.3333
0.0867 0.3333
0.0867 0.3333
0.1433 0.0000
0.1433 0.0000
0.2184 0.0000
0.2184 0.0000
0.1696 0.3333
0.1696 0.3333
0.1566 0.3333
0.1566 0.3333
0.1445 0.3333
0.1445 0.3333
0.2325 0.3333
0.2325 0.3333
0.1039 0.0000
0.1039 0.0000
0.0157 1.0000
0.0157 1.0000
0.2194 0.0000
0.2194 0.0000
0.1242 0.3333
0.1242 0.3333
0.1259 0.0000
0.1259 0.0000
0.1474 0.3333
0.1474 0.3333
0.1698 0.3333
0.1698 0.3333
0.2443 0.0000
0.2443 0.0000
0.0858 0.0000
0.0858 0.0000
0.1384 0.3333
0.1384 0.3333
0.8549 0.0000
0.8549 0.0000
0.1245 0.3333
0.1245 0.3333
0.2127 0.0000
0.2127 0.0000
0.1138 0.0000
0.1138 0.0000
0.1087 0.0000
0.1087 0.0000
0.1172 0.0000
0.1172 0.0000
0.1191 0.0000
0.1191 0.0000
0.0269 0.3333
0.0269 0.3333
0.0393 0.3333
0.0393 0.3333
0.0833 0.3333
0.0833 0.3333
0.0696 0.3333
0.0696 0.3333
0.7127 0.0000
0.7127 0.0000
0.1669 0.0000
0.1669 0.0000
0.1290 0.0000
0.1290 0.0000
0.3248 0.0000
0.3248 0.0000
0.1987 0.0000
0.1987 0.0000
0.1534 0.0000
0.1534 0.0000
0.1603 0.0000
0.1603 0.0000
0.1821 0.0000
0.1821 0.0000
0.1672 0.0000
0.1672 0.0000
0.4355 0.0000
0.4355 0.0000
0.2564 0.0000
0.2564 0.0000
0.1980 0.0000
0.1980 0.0000
0.1667 0.0000
0.1667 0.0000
0.1346 0.3333
0.1346 0.3333
0.1086 0.0000
0.1086 0.0000
0.0585 0.3333
0.0585 0.3333
0.0939 0.3333
0.0939 0.3333
0.0092 1.0000
0.0092 1.0000
0.1776 0.0000
0.1776 0.0000
0.1907 0.0000
0.1907 0.0000
0.3594 0.0000
0.3594 0.0000
0.1283 0.0000
0.1283 0.0000
0.2053 0.0000
0.2053 0.0000
0.1146 0.0000
0.1146 0.0000
0.1489 0.0000
0.1489 0.0000
0.1200 0.0000
0.1200 0.0000
0.2078 0.0000
0.2078 0.0000
0.0245 0.0000
0.0245 0.0000
0.1007 0.0000
0.1007 0.0000
0.1164 0.0000
0.1164 0.0000
0.0294 0.0000
0.0294 0.0000
0.1055 0.0000
0.1055 0.0000
0.0923 0.0000
0.0923 0.0000
0.2869 0.0000
0.2869 0.0000
0.0379 0.6667
0.0379 0.6667
0.0995 0.0000
0.0995 0.0000
0.0426 0.6667
0.0426 0.6667
0.0384 0.6667
0.0384 0.6667
0.0910 0.0000
0.0910 0.0000
0.3088 0.0000
0.3088 0.0000
0.0690 0.0000
0.0690 0.0000
0.0827 0.0000
0.0827 0.0000
0.2925 0.0000
0.2925 0.0000
0.0647 0.0000
0.0647 0.0000
0.0604 0.0000
0.0604 0.0000
0.0674 0.0000
0.0674 0.0000
0.3093 0.0000
0.3093 0.0000
0.0799 0.0000
0.0799 0.0000
0.0650 0.0000
0.0650 0.0000
0.3069 0.0000
0.3069 0.0000
0.2981 0.0000
0.2981 0.0000
0.3050 0.0000
0.3050 0.0000
0.2262 0.0000
0.2262 0.0000
0.2983 0.0000
0.2983 0.0000
0.2722 0.0000
0.2722 0.0000
0.3326 0.0000
0.3326 0.0000
0.2854 0.0000
0.2854 0.0000
0.0696 0.3333
0.0696 0.3333
