100000 100002
100002 100000
100000 100004
100004 100000
100000 100001
100001 100000
100001 100003
100003 100001
100001 100002
100002 100001
100001 100006
100006 100001
100002 100003
100003 100002
100002 100005
100005 100002
100002 100004
100004 100002
100003 100495
100495 100003
100003 100013
100013 100003
100003 100005
100005 100003
100003 100006
100006 100003
100004 100008
100008 100004
100004 100010
100010 100004
100004 100005
100005 100004
100004 100022
100022 100004
100004 100012
100012 100004
100004 100028
100028 100004
100005 100013
100013 100005
100005 100012
100012 100005
100006 100495
100495 100006
100006 100528
100528 100006
100006 100016
100016 100006
100006 100568
100568 100006
100007 100011
100011 100007
100007 100495
100495 100007
100007 100013
100013 100007
100007 100568
100568 100007
100008 100010
100010 100008
100008 100022
100022 100008
100008 100015
100015 100008
100010 100015
100015 100010
100010 100012
100012 100010
100011 100013
100013 100011
100011 100014
100014 100011
100011 100568
100568 100011
100012 100018
100018 100012
100012 100013
100013 100012
100012 100015
100015 100012
100013 100018
100018 100013
100013 100019
100019 100013
100013 100495
100495 100013
100013 100014
100014 100013
100014 100019
100019 100014
100014 100021
100021 100014
100014 100568
100568 100014
100015 100018
100018 100015
100015 100022
100022 100015
100015 100025
100025 100015
100016 100017
100017 100016
100016 100020
100020 100016
100016 100528
100528 100016
100016 100550
100550 100016
100016 100023
100023 100016
100017 100020
100020 100017
100017 100026
100026 100017
100017 100042
100042 100017
100017 100023
100023 100017
100018 100019
100019 100018
100018 100025
100025 100018
100018 100090
100090 100018
100019 100021
100021 100019
100019 100090
100090 100019
100020 100027
100027 100020
100020 100026
100026 100020
100020 100550
100550 100020
100021 100545
100545 100021
100021 100568
100568 100021
100021 100090
100090 100021
100022 100032
100032 100022
100022 100025
100025 100022
100022 100028
100028 100022
100023 100024
100024 100023
100023 100042
100042 100023
100023 100031
100031 100023
100024 100061
100061 100024
100024 100088
100088 100024
100024 100042
100042 100024
100024 100031
100031 100024
100025 100032
100032 100025
100025 100090
100090 100025
100026 100027
100027 100026
100026 100057
100057 100026
100026 100042
100042 100026
100027 100029
100029 100027
100027 100057
100057 100027
100027 100550
100550 100027
100028 100032
100032 100028
100028 100051
100051 100028
100028 100081
100081 100028
100029 100034
100034 100029
100029 100057
100057 100029
100029 100550
100550 100029
100030 100033
100033 100030
100030 100048
100048 100030
100030 100540
100540 100030
100030 100031
100031 100030
100031 100046
100046 100031
100031 100033
100033 100031
100031 100088
100088 100031
100031 100540
100540 100031
100032 100051
100051 100032
100032 100090
100090 100032
100033 100046
100046 100033
100033 100048
100048 100033
100034 100053
100053 100034
100034 100057
100057 100034
100034 100550
100550 100034
100041 100043
100043 100041
100041 100050
100050 100041
100041 100057
100057 100041
100041 100042
100042 100041
100042 100043
100043 100042
100042 100052
100052 100042
100042 100047
100047 100042
100042 100056
100056 100042
100042 100045
100045 100042
100042 100061
100061 100042
100042 100057
100057 100042
100043 100054
100054 100043
100043 100045
100045 100043
100043 100050
100050 100043
100045 100058
100058 100045
100045 100054
100054 100045
100045 100047
100047 100045
100046 100062
100062 100046
100046 100070
100070 100046
100046 100048
100048 100046
100046 100088
100088 100046
100047 100064
100064 100047
100047 100058
100058 100047
100047 100052
100052 100047
100048 100070
100070 100048
100048 100065
100065 100048
100048 100076
100076 100048
100048 100540
100540 100048
100050 100066
100066 100050
100050 100054
100054 100050
100050 100059
100059 100050
100050 100057
100057 100050
100051 100090
100090 100051
100051 100081
100081 100051
100052 100064
100064 100052
100052 100067
100067 100052
100052 100056
100056 100052
100053 100549
100549 100053
100053 100057
100057 100053
100053 100544
100544 100053
100053 100550
100550 100053
100054 100068
100068 100054
100054 100058
100058 100054
100054 100066
100066 100054
100056 100069
100069 100056
100056 100067
100067 100056
100056 100073
100073 100056
100056 100061
100061 100056
100057 100059
100059 100057
100057 100072
100072 100057
100057 100082
100082 100057
100057 100549
100549 100057
100057 100104
100104 100057
100058 100068
100068 100058
100058 100074
100074 100058
100058 100064
100064 100058
100058 100071
100071 100058
100059 100066
100066 100059
100059 100072
100072 100059
100061 100073
100073 100061
100061 100088
100088 100061
100062 100070
100070 100062
100062 100099
100099 100062
100062 100095
100095 100062
100062 100088
100088 100062
100064 100074
100074 100064
100064 100067
100067 100064
100065 100076
100076 100065
100065 100540
100540 100065
100066 100068
100068 100066
100066 100075
100075 100066
100066 100078
100078 100066
100066 100072
100072 100066
100067 100069
100069 100067
100067 100074
100074 100067
100067 100077
100077 100067
100068 100071
100071 100068
100068 100078
100078 100068
100069 100079
100079 100069
100069 100077
100077 100069
100069 100073
100073 100069
100070 100099
100099 100070
100070 100076
100076 100070
100070 100102
100102 100070
100071 100080
100080 100071
100071 100074
100074 100071
100071 100084
100084 100071
100071 100078
100078 100071
100072 100075
100075 100072
100072 100082
100082 100072
100073 100079
100079 100073
100073 100083
100083 100073
100073 100106
100106 100073
100073 100088
100088 100073
100074 100084
100084 100074
100074 100077
100077 100074
100075 100078
100078 100075
100075 100085
100085 100075
100075 100087
100087 100075
100075 100082
100082 100075
100076 100102
100102 100076
100076 100540
100540 100076
100076 100541
100541 100076
100077 100086
100086 100077
100077 100079
100079 100077
100077 100089
100089 100077
100077 100084
100084 100077
100078 100080
100080 100078
100078 100087
100087 100078
100078 100092
100092 100078
100079 100089
100089 100079
100079 100083
100083 100079
100080 100084
100084 100080
100080 100092
100092 100080
100081 100101
100101 100081
100081 100090
100090 100081
100081 100224
100224 100081
100082 100085
100085 100082
100082 100104
100104 100082
100083 100089
100089 100083
100083 100093
100093 100083
100083 100106
100106 100083
100084 100094
100094 100084
100084 100086
100086 100084
100084 100092
100092 100084
100085 100087
100087 100085
100085 100104
100104 100085
100086 100094
100094 100086
100086 100089
100089 100086
100086 100096
100096 100086
100087 100092
100092 100087
100087 100104
100104 100087
100088 100095
100095 100088
100088 100106
100106 100088
100089 100098
100098 100089
100089 100093
100093 100089
100089 100096
100096 100089
100090 100547
100547 100090
100090 100101
100101 100090
100090 100546
100546 100090
100090 100545
100545 100090
100092 100094
100094 100092
100092 100096
100096 100092
100092 100104
100104 100092
100093 100098
100098 100093
100093 100106
100106 100093
100093 100100
100100 100093
100094 100096
100096 100094
100095 100099
100099 100095
100095 100106
100106 100095
100095 100539
100539 100095
100096 100098
100098 100096
100096 100104
100104 100096
100096 100275
100275 100096
100098 100100
100100 100098
100098 100275
100275 100098
100099 100102
100102 100099
100099 100539
100539 100099
100100 100134
100134 100100
100100 100106
100106 100100
100100 100275
100275 100100
100100 100543
100543 100100
100101 100202
100202 100101
100101 100161
100161 100101
100101 100182
100182 100101
100101 100139
100139 100101
100101 100546
100546 100101
100101 100224
100224 100101
100102 100541
100541 100102
100102 100539
100539 100102
100104 100549
100549 100104
100104 100115
100115 100104
100104 100548
100548 100104
100104 100275
100275 100104
100106 100134
100134 100106
100106 100539
100539 100106
100115 100200
100200 100115
100115 100266
100266 100115
100115 100249
100249 100115
100115 100221
100221 100115
100115 100168
100168 100115
100115 100548
100548 100115
100115 100275
100275 100115
100134 100539
100539 100134
100134 100543
100543 100134
100139 100166
100166 100139
100139 100161
100161 100139
100139 100143
100143 100139
100139 100546
100546 100139
100143 100170
100170 100143
100143 100166
100166 100143
100143 100146
100146 100143
100143 100546
100546 100143
100146 100170
100170 100146
100146 100173
100173 100146
100146 100150
100150 100146
100146 100546
100546 100146
100150 100173
100173 100150
100150 100176
100176 100150
100150 100153
100153 100150
100150 100546
100546 100150
100150 100548
100548 100150
100153 100176
100176 100153
100153 100158
100158 100153
100153 100548
100548 100153
100158 100181
100181 100158
100158 100176
100176 100158
100158 100162
100162 100158
100158 100548
100548 100158
100161 100166
100166 100161
100161 100182
100182 100161
100162 100181
100181 100162
100162 100185
100185 100162
100162 100168
100168 100162
100162 100548
100548 100162
100166 100186
100186 100166
100166 100170
100170 100166
100166 100190
100190 100166
100166 100182
100182 100166
100168 100185
100185 100168
100168 100203
100203 100168
100168 100200
100200 100168
100168 100259
100259 100168
100168 100548
100548 100168
100170 100173
100173 100170
100170 100190
100190 100170
100173 100176
100176 100173
100173 100190
100190 100173
100173 100192
100192 100173
100176 100181
100181 100176
100176 100198
100198 100176
100176 100192
100192 100176
100181 100199
100199 100181
100181 100185
100185 100181
100182 100186
100186 100182
100182 100206
100206 100182
100182 100202
100202 100182
100185 100203
100203 100185
100186 100190
100190 100186
100186 100206
100206 100186
100190 100210
100210 100190
100190 100215
100215 100190
100190 100206
100206 100190
100190 100192
100192 100190
100192 100215
100215 100192
100192 100218
100218 100192
100192 100198
100198 100192
100198 100199
100199 100198
100198 100218
100218 100198
100198 100222
100222 100198
100199 100222
100222 100199
100199 100203
100203 100199
100200 100221
100221 100200
100200 100259
100259 100200
100202 100206
100206 100202
100202 100228
100228 100202
100202 100224
100224 100202
100203 100222
100222 100203
100203 100225
100225 100203
100203 100259
100259 100203
100206 100210
100210 100206
100206 100228
100228 100206
100210 100215
100215 100210
100210 100232
100232 100210
100210 100235
100235 100210
100210 100228
100228 100210
100215 100218
100218 100215
100215 100235
100235 100215
100218 100238
100238 100218
100218 100222
100222 100218
100218 100235
100235 100218
100221 100266
100266 100221
100221 100259
100259 100221
100222 100238
100238 100222
100222 100239
100239 100222
100222 100225
100225 100222
100222 100242
100242 100222
100224 100228
100228 100224
100224 100245
100245 100224
100224 100298
100298 100224
100224 100312
100312 100224
100225 100242
100242 100225
100225 100271
100271 100225
100225 100259
100259 100225
100228 100232
100232 100228
100228 100245
100245 100228
100232 100235
100235 100232
100232 100248
100248 100232
100232 100245
100245 100232
100235 100238
100238 100235
100235 100248
100248 100235
100235 100254
100254 100235
100238 100239
100239 100238
100238 100254
100254 100238
100239 100242
100242 100239
100239 100254
100254 100239
100242 100254
100254 100242
100242 100271
100271 100242
100245 100248
100248 100245
100245 100298
100298 100245
100245 100293
100293 100245
100248 100254
100254 100248
100248 100293
100293 100248
100249 100270
100270 100249
100249 100266
100266 100249
100249 100277
100277 100249
100249 100275
100275 100249
100254 100278
100278 100254
100254 100293
100293 100254
100254 100271
100271 100254
100259 100262
100262 100259
100259 100266
100266 100259
100259 100271
100271 100259
100259 100276
100276 100259
100262 100271
100271 100262
100262 100276
100276 100262
100266 100277
100277 100266
100266 100276
100276 100266
100270 100277
100277 100270
100270 100284
100284 100270
100270 100275
100275 100270
100271 100274
100274 100271
100271 100278
100278 100271
100271 100276
100276 100271
100274 100281
100281 100274
100274 100278
100278 100274
100274 100276
100276 100274
100275 100284
100284 100275
100275 100493
100493 100275
100275 100543
100543 100275
100276 100288
100288 100276
100276 100281
100281 100276
100276 100285
100285 100276
100276 100289
100289 100276
100276 100277
100277 100276
100276 100291
100291 100276
100277 100284
100284 100277
100277 100291
100291 100277
100278 100281
100281 100278
100278 100295
100295 100278
100278 100293
100293 100278
100280 100302
100302 100280
100280 100313
100313 100280
100280 100542
100542 100280
100280 100538
100538 100280
100280 100344
100344 100280
100281 100285
100285 100281
100281 100295
100295 100281
100285 100288
100288 100285
100285 100295
100295 100285
100285 100300
100300 100285
100286 100492
100492 100286
100286 100297
100297 100286
100286 100494
100494 100286
100286 100493
100493 100286
100288 100289
100289 100288
100288 100300
100300 100288
100289 100300
100300 100289
100289 100291
100291 100289
100291 100306
100306 100291
100291 100300
100300 100291
100291 100284
100284 100291
100291 100307
100307 100291
100291 100494
100494 100291
100291 100342
100342 100291
100291 100351
100351 100291
100293 100295
100295 100293
100293 100304
100304 100293
100293 100298
100298 100293
100295 100301
100301 100295
100295 100304
100304 100295
100295 100300
100300 100295
100297 100492
100492 100297
100297 100303
100303 100297
100297 100494
100494 100297
100297 100319
100319 100297
100297 100543
100543 100297
100298 100304
100304 100298
100298 100312
100312 100298
100299 100303
100303 100299
100299 100537
100537 100299
100299 100302
100302 100299
100299 100313
100313 100299
100299 100538
100538 100299
100300 100301
100301 100300
100300 100307
100307 100300
100301 100304
100304 100301
100301 100316
100316 100301
100301 100307
100307 100301
100302 100313
100313 100302
100302 100538
100538 100302
100303 100314
100314 100303
100303 100537
100537 100303
100303 100319
100319 100303
100303 100313
100313 100303
100303 100543
100543 100303
100304 100318
100318 100304
100304 100316
100316 100304
100304 100312
100312 100304
100306 100309
100309 100306
100306 100494
100494 100306
100306 100342
100342 100306
100307 100316
100316 100307
100307 100351
100351 100307
100309 100494
100494 100309
100309 100319
100319 100309
100309 100331
100331 100309
100309 100342
100342 100309
100312 100318
100318 100312
100312 100341
100341 100312
100312 100334
100334 100312
100312 100336
100336 100312
100312 100332
100332 100312
100312 100526
100526 100312
100313 100314
100314 100313
100313 100320
100320 100313
100313 100344
100344 100313
100314 100335
100335 100314
100314 100320
100320 100314
100314 100319
100319 100314
100314 100344
100344 100314
100316 100318
100318 100316
100316 100325
100325 100316
100316 100351
100351 100316
100317 100340
100340 100317
100317 100322
100322 100317
100317 100328
100328 100317
100317 100329
100329 100317
100317 100324
100324 100317
100318 100325
100325 100318
100318 100334
100334 100318
100319 100335
100335 100319
100319 100494
100494 100319
100319 100331
100331 100319
100320 100344
100344 100320
100322 100329
100329 100322
100322 100324
100324 100322
100324 100329
100329 100324
100324 100527
100527 100324
100324 100526
100526 100324
100325 100334
100334 100325
100325 100351
100351 100325
100328 100340
100340 100328
100328 100338
100338 100328
100328 100343
100343 100328
100328 100329
100329 100328
100329 100343
100343 100329
100329 100349
100349 100329
100329 100527
100527 100329
100331 100335
100335 100331
100331 100346
100346 100331
100331 100352
100352 100331
100331 100356
100356 100331
100331 100342
100342 100331
100332 100336
100336 100332
100332 100526
100526 100332
100334 100350
100350 100334
100334 100345
100345 100334
100334 100341
100341 100334
100334 100351
100351 100334
100335 100356
100356 100335
100335 100344
100344 100335
100336 100341
100341 100336
100336 100355
100355 100336
100336 100362
100362 100336
100338 100340
100340 100338
100338 100348
100348 100338
100338 100343
100343 100338
100340 100348
100348 100340
100340 100364
100364 100340
100341 100345
100345 100341
100341 100355
100355 100341
100342 100346
100346 100342
100342 100363
100363 100342
100342 100351
100351 100342
100343 100348
100348 100343
100343 100353
100353 100343
100343 100349
100349 100343
100344 100360
100360 100344
100344 100356
100356 100344
100344 100530
100530 100344
100344 100533
100533 100344
100344 100382
100382 100344
100345 100350
100350 100345
100345 100354
100354 100345
100345 100355
100355 100345
100346 100352
100352 100346
100346 100363
100363 100346
100348 100358
100358 100348
100348 100364
100364 100348
100348 100353
100353 100348
100349 100353
100353 100349
100349 100527
100527 100349
100349 100379
100379 100349
100350 100357
100357 100350
100350 100354
100354 100350
100350 100351
100351 100350
100351 100357
100357 100351
100351 100361
100361 100351
100351 100363
100363 100351
100352 100367
100367 100352
100352 100360
100360 100352
100352 100356
100356 100352
100352 100363
100363 100352
100353 100358
100358 100353
100353 100381
100381 100353
100353 100373
100373 100353
100353 100379
100379 100353
100354 100357
100357 100354
100354 100355
100355 100354
100354 100385
100385 100354
100355 100362
100362 100355
100355 100385
100385 100355
100356 100360
100360 100356
100357 100361
100361 100357
100357 100385
100385 100357
100358 100364
100364 100358
100358 100373
100373 100358
100360 100367
100367 100360
100360 100382
100382 100360
100361 100363
100363 100361
100361 100388
100388 100361
100361 100385
100385 100361
100362 100365
100365 100362
100362 100368
100368 100362
100362 100385
100385 100362
100363 100366
100366 100363
100363 100367
100367 100363
100363 100388
100388 100363
100364 100520
100520 100364
100364 100373
100373 100364
100365 100368
100368 100365
100365 100374
100374 100365
100365 100369
100369 100365
100366 100367
100367 100366
100366 100388
100388 100366
100366 100382
100382 100366
100367 100382
100382 100367
100368 100374
100374 100368
100368 100385
100385 100368
100369 100374
100374 100369
100369 100513
100513 100369
100369 100516
100516 100369
100369 100379
100379 100369
100370 100372
100372 100370
100370 100378
100378 100370
100370 100381
100381 100370
100370 100379
100379 100370
100372 100380
100380 100372
100372 100378
100378 100372
100372 100381
100381 100372
100373 100381
100381 100373
100373 100520
100520 100373
100373 100387
100387 100373
100374 100377
100377 100374
100374 100513
100513 100374
100374 100511
100511 100374
100374 100385
100385 100374
100377 100511
100511 100377
100377 100551
100551 100377
100377 100385
100385 100377
100378 100380
100380 100378
100378 100391
100391 100378
100378 100379
100379 100378
100379 100381
100381 100379
100379 100508
100508 100379
100379 100523
100523 100379
100379 100509
100509 100379
100379 100527
100527 100379
100379 100391
100391 100379
100379 100521
100521 100379
100379 100516
100516 100379
100379 100526
100526 100379
100380 100381
100381 100380
100380 100391
100391 100380
100381 100391
100391 100381
100381 100387
100387 100381
100382 100400
100400 100382
100382 100405
100405 100382
100382 100529
100529 100382
100382 100533
100533 100382
100382 100388
100388 100382
100385 100510
100510 100385
100385 100517
100517 100385
100385 100399
100399 100385
100385 100414
100414 100385
100385 100551
100551 100385
100385 100388
100388 100385
100387 100520
100520 100387
100387 100391
100391 100387
100388 100390
100390 100388
100388 100400
100400 100388
100388 100399
100399 100388
100390 100400
100400 100390
100390 100399
100399 100390
100391 100520
100520 100391
100391 100523
100523 100391
100391 100519
100519 100391
100399 100406
100406 100399
100399 100400
100400 100399
100399 100414
100414 100399
100400 100406
100406 100400
100400 100405
100405 100400
100405 100412
100412 100405
100405 100413
100413 100405
100405 100406
100406 100405
100405 100529
100529 100405
100406 100413
100413 100406
100406 100414
100414 100406
100412 100419
100419 100412
100412 100413
100413 100412
100412 100420
100420 100412
100412 100529
100529 100412
100412 100531
100531 100412
100413 100422
100422 100413
100413 100420
100420 100413
100413 100414
100414 100413
100414 100422
100422 100414
100414 100517
100517 100414
100414 100423
100423 100414
100414 100432
100432 100414
100414 100507
100507 100414
100419 100425
100425 100419
100419 100430
100430 100419
100419 100429
100429 100419
100419 100531
100531 100419
100420 100436
100436 100420
100420 100422
100422 100420
100422 100441
100441 100422
100422 100436
100436 100422
100422 100432
100432 100422
100423 100428
100428 100423
100423 100433
100433 100423
100423 100432
100432 100423
100423 100491
100491 100423
100423 100507
100507 100423
100425 100420
100420 100425
100425 100430
100430 100425
100428 100434
100434 100428
100428 100437
100437 100428
100428 100433
100433 100428
100428 100432
100432 100428
100429 100435
100435 100429
100429 100531
100531 100429
100430 100420
100420 100430
100432 100434
100434 100432
100432 100445
100445 100432
100432 100446
100446 100432
100432 100441
100441 100432
100433 100437
100437 100433
100433 100443
100443 100433
100433 100534
100534 100433
100433 100491
100491 100433
100434 100437
100437 100434
100434 100446
100446 100434
100435 100439
100439 100435
100435 100444
100444 100435
100435 100475
100475 100435
100435 100469
100469 100435
100436 100440
100440 100436
100436 100441
100441 100436
100436 100438
100438 100436
100436 100439
100439 100436
100436 100444
100444 100436
100437 100446
100446 100437
100437 100448
100448 100437
100437 100443
100443 100437
100438 100440
100440 100438
100438 100441
100441 100438
100439 100444
100444 100439
100440 100441
100441 100440
100440 100449
100449 100440
100440 100447
100447 100440
100440 100444
100444 100440
100443 100448
100448 100443
100443 100490
100490 100443
100443 100534
100534 100443
100444 100447
100447 100444
100444 100469
100469 100444
100445 100446
100446 100445
100445 100441
100441 100445
100445 100451
100451 100445
100446 100453
100453 100446
100446 100448
100448 100446
100446 100451
100451 100446
100447 100449
100449 100447
100447 100469
100469 100447
100448 100453
100453 100448
100448 100454
100454 100448
100448 100490
100490 100448
100449 100441
100441 100449
100449 100451
100451 100449
100449 100469
100469 100449
100450 100455
100455 100450
100450 100460
100460 100450
100450 100535
100535 100450
100450 100456
100456 100450
100450 100552
100552 100450
100450 100553
100553 100450
100451 100453
100453 100451
100451 100441
100441 100451
100451 100454
100454 100451
100451 100469
100469 100451
100453 100454
100454 100453
100454 100490
100490 100454
100454 100469
100469 100454
100455 100459
100459 100455
100455 100488
100488 100455
100455 100460
100460 100455
100455 100535
100535 100455
100456 100466
100466 100456
100456 100460
100460 100456
100456 100463
100463 100456
100456 100503
100503 100456
100456 100553
100553 100456
100459 100464
100464 100459
100459 100488
100488 100459
100459 100460
100460 100459
100460 100467
100467 100460
100460 100466
100466 100460
100460 100464
100464 100460
100460 100474
100474 100460
100463 100466
100466 100463
100463 100496
100496 100463
100463 100503
100503 100463
100464 100468
100468 100464
100464 100487
100487 100464
100464 100488
100488 100464
100464 100474
100474 100464
100466 100496
100496 100466
100466 100474
100474 100466
100467 100474
100474 100467
100468 100471
100471 100468
100468 100487
100487 100468
100468 100474
100474 100468
100469 100489
100489 100469
100469 100490
100490 100469
100469 100475
100475 100469
100471 100472
100472 100471
100471 100487
100487 100471
100471 100486
100486 100471
100471 100474
100474 100471
100472 100473
100473 100472
100472 100486
100486 100472
100472 100474
100474 100472
100473 100476
100476 100473
100473 100486
100486 100473
100473 100474
100474 100473
100474 100477
100477 100474
100474 100476
100476 100474
100474 100496
100496 100474
100475 100477
100477 100475
100475 100476
100476 100475
100475 100489
100489 100475
100475 100486
100486 100475
100476 100477
100477 100476
100476 100486
100486 100476
100486 100487
100487 100486
100486 100489
100489 100486
100486 100490
100490 100486
100487 100490
100490 100487
100487 100534
100534 100487
100487 100488
100488 100487
100488 100534
100534 100488
100488 100535
100535 100488
100488 100491
100491 100488
100489 100490
100490 100489
100490 100534
100534 100490
100491 100534
100534 100491
100491 100535
100535 100491
100491 100507
100507 100491
100491 100552
100552 100491
100492 100493
100493 100492
100492 100543
100543 100492
100493 100284
100284 100493
100493 100494
100494 100493
100493 100543
100543 100493
100494 100284
100284 100494
100495 100568
100568 100495
100496 100498
100498 100496
100496 100497
100497 100496
100496 100499
100499 100496
100496 100520
100520 100496
100496 100500
100500 100496
100496 100503
100503 100496
100497 100499
100499 100497
100497 100505
100505 100497
100497 100506
100506 100497
100497 100503
100503 100497
100498 100499
100499 100498
100498 100500
100500 100498
100498 100506
100506 100498
100499 100506
100506 100499
100500 100525
100525 100500
100500 100518
100518 100500
100500 100520
100520 100500
100500 100501
100501 100500
100500 100506
100506 100500
100500 100524
100524 100500
100501 100506
100506 100501
100501 100524
100524 100501
100501 100522
100522 100501
100501 100504
100504 100501
100502 100515
100515 100502
100502 100514
100514 100502
100502 100521
100521 100502
100502 100504
100504 100502
100502 100553
100553 100502
100503 100505
100505 100503
100503 100553
100553 100503
100504 100505
100505 100504
100504 100506
100506 100504
100504 100522
100522 100504
100504 100521
100521 100504
100504 100553
100553 100504
100505 100506
100506 100505
100505 100553
100553 100505
100507 100510
100510 100507
100507 100517
100517 100507
100507 100551
100551 100507
100507 100552
100552 100507
100508 100515
100515 100508
100508 100509
100509 100508
100508 100514
100514 100508
100508 100516
100516 100508
100509 100515
100515 100509
100509 100521
100521 100509
100510 100517
100517 100510
100510 100551
100551 100510
100511 100513
100513 100511
100511 100512
100512 100511
100511 100551
100551 100511
100512 100513
100513 100512
100512 100514
100514 100512
100512 100516
100516 100512
100512 100551
100551 100512
100513 100516
100516 100513
100514 100515
100515 100514
100514 100516
100516 100514
100514 100551
100551 100514
100514 100553
100553 100514
100515 100521
100521 100515
100518 100525
100525 100518
100518 100524
100524 100518
100519 100525
100525 100519
100519 100520
100520 100519
100519 100523
100523 100519
100519 100524
100524 100519
100519 100522
100522 100519
100520 100525
100525 100520
100521 100523
100523 100521
100521 100522
100522 100521
100522 100523
100523 100522
100522 100524
100524 100522
100524 100525
100525 100524
100526 100527
100527 100526
100528 100550
100550 100528
100528 100568
100568 100528
100529 100531
100531 100529
100529 100533
100533 100529
100530 100531
100531 100530
100530 100533
100533 100530
100531 100533
100533 100531
100535 100552
100552 100535
100537 100538
100538 100537
100537 100539
100539 100537
100537 100543
100543 100537
100538 100542
100542 100538
100538 100541
100541 100538
100538 100539
100539 100538
100539 100541
100541 100539
100539 100543
100543 100539
100540 100542
100542 100540
100540 100541
100541 100540
100541 100542
100542 100541
100544 100549
100549 100544
100544 100545
100545 100544
100544 100550
100550 100544
100544 100568
100568 100544
100544 100548
100548 100544
100545 100547
100547 100545
100545 100568
100568 100545
100545 100548
100548 100545
100546 100547
100547 100546
100546 100548
100548 100546
100547 100548
100548 100547
100548 100549
100549 100548
100550 100568
100568 100550
100551 100552
100552 100551
100551 100553
100553 100551
100552 100553
100553 100552
