0 4
4 0
0 2
2 0
0 325
325 0
0 7
7 0
0 1
1 0
0 9
9 0
1 18
18 1
1 7
7 1
1 21
21 1
2 356
356 2
2 3
3 2
2 329
329 2
2 4
4 2
2 326
326 2
2 325
325 2
3 356
356 3
3 326
326 3
3 5
5 3
4 356
356 4
4 6
6 4
4 17
17 4
4 5
5 4
4 9
9 4
5 356
356 5
5 326
326 5
5 17
17 5
5 22
22 5
6 16
16 6
6 17
17 6
6 9
9 6
7 15
15 7
7 18
18 7
7 9
9 7
8 12
12 8
8 11
11 8
8 28
28 8
8 10
10 8
8 29
29 8
9 16
16 9
9 355
355 9
9 15
15 9
10 331
331 10
10 12
12 10
10 327
327 10
10 325
325 10
10 11
11 10
10 23
23 10
10 29
29 10
11 24
24 11
11 13
13 11
11 28
28 11
12 29
29 12
13 20
20 13
13 19
19 13
13 24
24 13
13 14
14 13
14 19
19 14
14 25
25 14
15 27
27 15
15 355
355 15
15 31
31 15
15 18
18 15
16 17
17 16
16 355
355 16
17 22
22 17
17 355
355 17
17 354
354 17
17 35
35 17
18 26
26 18
18 27
27 18
18 21
21 18
18 33
33 18
19 20
20 19
19 25
25 19
19 32
32 19
19 34
34 19
20 24
24 20
20 32
32 20
21 33
33 21
22 326
326 22
22 330
330 22
22 354
354 22
23 327
327 23
23 328
328 23
23 29
29 23
23 36
36 23
24 30
30 24
24 28
28 24
24 32
32 24
25 34
34 25
26 38
38 26
26 27
27 26
26 33
33 26
27 38
38 27
27 31
31 27
28 30
30 28
28 41
41 28
28 40
40 28
28 37
37 28
28 29
29 28
29 41
41 29
29 39
39 29
29 36
36 29
30 32
32 30
30 37
37 30
31 38
38 31
31 43
43 31
31 355
355 31
31 35
35 31
32 34
34 32
32 37
37 32
32 320
320 32
32 53
53 32
33 45
45 33
33 38
38 33
33 49
49 33
34 320
320 34
35 43
43 35
35 355
355 35
35 354
354 35
35 42
42 35
35 49
49 35
35 54
54 35
36 328
328 36
36 39
39 36
36 44
44 36
37 40
40 37
37 47
47 37
37 53
53 37
38 45
45 38
38 43
43 38
39 41
41 39
39 46
46 39
39 44
44 39
40 41
41 40
40 47
47 40
41 47
47 41
41 46
46 41
42 48
48 42
42 354
354 42
42 54
54 42
42 44
44 42
43 45
45 43
43 49
49 43
44 328
328 44
44 48
48 44
44 354
354 44
44 46
46 44
44 57
57 44
44 56
56 44
45 49
49 45
46 322
322 46
46 47
47 46
46 57
57 46
47 324
324 47
47 322
322 47
47 53
53 47
48 54
54 48
48 56
56 48
49 50
50 49
49 51
51 49
49 272
272 49
49 54
54 49
50 51
51 50
50 54
54 50
51 273
273 51
51 272
272 51
51 54
54 51
52 350
350 52
52 324
324 52
52 323
323 52
52 353
353 52
52 53
53 52
53 55
55 53
53 350
350 53
53 324
324 53
53 320
320 53
53 353
353 53
54 274
274 54
54 273
273 54
54 275
275 54
54 58
58 54
54 56
56 54
55 350
350 55
55 353
353 55
56 59
59 56
56 58
58 56
56 277
277 56
56 279
279 56
56 57
57 56
57 322
322 57
57 278
278 57
57 60
60 57
57 277
277 57
57 323
323 57
58 275
275 58
58 279
279 58
59 63
63 59
59 61
61 59
59 277
277 59
59 279
279 59
60 64
64 60
60 72
72 60
60 278
278 60
60 69
69 60
60 323
323 60
61 75
75 61
61 63
63 61
61 65
65 61
61 279
279 61
62 73
73 62
62 88
88 62
62 298
298 62
62 74
74 62
62 353
353 62
63 75
75 63
63 264
264 63
63 70
70 63
63 277
277 63
64 79
79 64
64 67
67 64
64 76
76 64
64 80
80 64
64 72
72 64
64 69
69 64
65 78
78 65
65 77
77 65
65 75
75 65
65 85
85 65
65 68
68 65
65 279
279 65
66 67
67 66
66 76
76 66
66 86
86 66
66 69
69 66
67 76
76 67
67 69
69 67
68 85
85 68
68 83
83 68
68 276
276 68
68 275
275 68
68 280
280 68
68 279
279 68
69 81
81 69
69 92
92 69
69 86
86 69
69 103
103 69
69 323
323 69
69 74
74 69
70 84
84 70
70 264
264 70
70 71
71 70
70 94
94 70
70 277
277 70
71 84
84 71
71 72
72 71
71 97
97 71
71 277
277 71
72 80
80 72
72 278
278 72
72 97
97 72
72 277
277 72
73 297
297 73
73 88
88 73
73 298
298 73
74 88
88 74
74 103
103 74
74 113
113 74
74 323
323 74
74 353
353 74
75 78
78 75
75 91
91 75
75 98
98 75
75 264
264 75
75 95
95 75
76 79
79 76
76 96
96 76
76 86
86 76
77 78
78 77
77 85
85 77
77 90
90 77
77 89
89 77
78 91
91 78
78 90
90 78
79 87
87 79
79 96
96 79
79 80
80 79
80 102
102 80
80 87
87 80
80 101
101 80
80 99
99 80
80 97
97 80
81 93
93 81
81 92
92 81
81 86
86 81
82 271
271 82
82 83
83 82
82 106
106 82
82 276
276 82
82 100
100 82
82 274
274 82
82 273
273 82
82 275
275 82
82 270
270 82
83 276
276 83
83 275
275 83
84 94
94 84
84 97
97 84
85 89
89 85
85 280
280 85
86 93
93 86
86 96
96 86
86 112
112 86
87 99
99 87
87 96
96 87
88 105
105 88
88 305
305 88
88 297
297 88
88 113
113 88
89 90
90 89
89 125
125 89
89 280
280 89
90 91
91 90
90 110
110 90
90 125
125 90
91 98
98 91
91 110
110 91
92 104
104 92
92 93
93 92
92 103
103 92
93 104
104 93
93 112
112 93
93 111
111 93
94 108
108 94
94 264
264 94
94 95
95 94
94 109
109 94
94 97
97 94
95 108
108 95
95 98
98 95
95 264
264 95
96 99
99 96
96 115
115 96
96 112
112 96
97 101
101 97
97 107
107 97
97 109
109 97
97 133
133 97
98 108
108 98
98 110
110 98
99 102
102 99
99 115
115 99
99 114
114 99
100 106
106 100
100 332
332 100
100 270
270 100
101 102
102 101
101 107
107 101
101 114
114 101
102 114
114 102
103 104
104 103
103 111
111 103
103 137
137 103
103 113
113 103
103 148
148 103
104 111
111 104
105 304
304 105
105 305
305 105
105 116
116 105
105 113
113 105
106 119
119 106
106 118
118 106
106 276
276 106
106 332
332 106
107 114
114 107
107 133
133 107
108 117
117 108
108 110
110 108
108 109
109 108
109 117
117 109
109 122
122 109
109 133
133 109
110 117
117 110
110 120
120 110
110 125
125 110
111 112
112 111
111 137
137 111
111 134
134 111
112 115
115 112
112 135
135 112
112 134
134 112
113 116
116 113
113 143
143 113
113 148
148 113
114 115
115 114
114 135
135 114
114 133
133 114
115 135
135 115
116 123
123 116
116 136
136 116
116 304
304 116
116 130
130 116
116 143
143 116
117 120
120 117
117 122
122 117
118 121
121 118
118 119
119 118
118 126
126 118
118 276
276 118
118 280
280 118
119 121
121 119
119 124
124 119
119 332
332 119
120 127
127 120
120 129
129 120
120 122
122 120
120 125
125 120
121 124
124 121
121 126
126 121
122 127
127 122
122 128
128 122
122 133
133 122
123 136
136 123
123 130
130 123
124 131
131 124
124 126
126 124
124 332
332 124
125 129
129 125
125 333
333 125
125 280
280 125
126 131
131 126
126 138
138 126
126 280
280 126
127 129
129 127
127 128
128 127
127 342
342 127
128 342
342 128
128 337
337 128
128 133
133 128
129 333
333 129
129 342
342 129
130 139
139 130
130 136
136 130
130 304
304 130
130 132
132 130
131 142
142 131
131 138
138 131
131 332
332 131
131 144
144 131
132 287
287 132
132 139
139 132
132 308
308 132
132 147
147 132
132 301
301 132
132 304
304 132
132 151
151 132
132 307
307 132
133 158
158 133
133 337
337 133
133 135
135 133
134 281
281 134
134 137
137 134
134 149
149 134
134 135
135 134
134 148
148 134
135 281
281 135
135 158
158 135
136 140
140 136
136 139
139 136
136 143
143 136
137 148
148 137
138 141
141 138
138 142
142 138
138 345
345 138
138 280
280 138
139 140
140 139
139 147
147 139
140 147
147 140
140 150
150 140
140 143
143 140
141 145
145 141
141 142
142 141
141 146
146 141
141 345
345 141
142 145
145 142
142 144
144 142
143 152
152 143
143 150
150 143
143 155
155 143
143 162
162 143
143 148
148 143
144 145
145 144
144 153
153 144
144 332
332 144
145 146
146 145
145 153
153 145
145 157
157 145
146 345
345 146
146 344
344 146
146 157
157 146
147 150
150 147
147 151
151 147
148 152
152 148
148 154
154 148
148 352
352 148
148 309
309 148
148 149
149 148
148 159
159 148
149 281
281 149
149 159
159 149
150 155
155 150
150 151
151 150
151 156
156 151
151 287
287 151
151 284
284 151
151 286
286 151
151 155
155 151
152 154
154 152
152 162
162 152
153 163
163 153
153 157
157 153
153 222
222 153
153 193
193 153
154 352
352 154
154 162
162 154
154 171
171 154
155 156
156 155
155 165
165 155
155 263
263 155
155 164
164 155
155 162
162 155
156 263
263 156
156 284
284 156
157 344
344 157
157 163
163 157
157 160
160 157
157 343
343 157
158 281
281 158
158 337
337 158
158 159
159 158
158 167
167 158
159 281
281 159
159 309
309 159
159 176
176 159
159 167
167 159
160 163
163 160
160 343
343 160
160 193
193 160
161 341
341 161
161 340
340 161
161 334
334 161
161 343
343 161
161 339
339 161
161 192
192 161
161 197
197 161
162 166
166 162
162 170
170 162
162 164
164 162
162 177
177 162
162 171
171 162
163 193
193 163
164 168
168 164
164 165
165 164
164 166
166 164
164 169
169 164
165 168
168 165
165 263
263 165
166 170
170 166
166 169
169 166
167 338
338 167
167 336
336 167
167 269
269 167
167 268
268 167
167 337
337 167
167 176
176 167
167 335
335 167
167 267
267 167
168 263
263 168
168 169
169 168
168 174
174 168
168 283
283 168
169 173
173 169
169 172
172 169
169 175
175 169
169 170
170 169
169 174
174 169
170 175
175 170
170 177
177 170
171 189
189 171
171 178
178 171
171 352
352 171
171 177
177 171
171 309
309 171
172 173
173 172
172 179
179 172
172 175
175 172
173 179
179 173
173 180
180 173
173 174
174 173
174 180
180 174
174 183
183 174
174 313
313 174
174 312
312 174
174 283
283 174
174 282
282 174
174 190
190 174
175 181
181 175
175 179
179 175
175 182
182 175
175 177
177 175
176 178
178 176
176 191
191 176
176 309
309 176
176 267
267 176
177 188
188 177
177 182
182 177
177 189
189 177
178 187
187 178
178 189
189 178
178 191
191 178
178 309
309 178
179 181
181 179
179 180
180 179
179 183
183 179
179 184
184 179
180 183
183 180
181 184
184 181
181 182
182 181
181 186
186 181
182 185
185 182
182 188
188 182
182 186
186 182
183 184
184 183
183 190
190 183
184 186
186 184
184 190
190 184
185 200
200 185
185 188
188 185
185 186
186 185
186 203
203 186
186 200
200 186
186 190
190 186
186 206
206 186
187 195
195 187
187 198
198 187
187 189
189 187
187 191
191 187
188 196
196 188
188 200
200 188
188 189
189 188
189 196
196 189
189 195
195 189
190 208
208 190
190 312
312 190
190 212
212 190
190 206
206 190
191 198
198 191
191 310
310 191
191 267
267 191
192 343
343 192
192 217
217 192
192 209
209 192
192 197
197 192
192 218
218 192
192 193
193 192
193 343
343 193
193 217
217 193
193 222
222 193
194 339
339 194
194 335
335 194
194 197
197 194
194 218
218 194
194 211
211 194
194 224
224 194
195 196
196 195
195 201
201 195
195 200
200 195
195 198
198 195
196 200
200 196
197 339
339 197
197 218
218 197
198 201
201 198
198 204
204 198
198 310
310 198
199 269
269 199
199 207
207 199
199 268
268 199
199 267
267 199
200 201
201 200
200 203
203 200
201 202
202 201
201 203
203 201
201 204
204 201
202 205
205 202
202 203
203 202
202 204
204 202
202 206
206 202
203 206
206 203
204 205
205 204
204 213
213 204
204 310
310 204
205 213
213 205
205 206
206 205
206 234
234 206
206 227
227 206
206 213
213 206
206 237
237 206
206 212
212 206
207 268
268 207
207 266
266 207
207 211
211 207
207 267
267 207
207 265
265 207
208 210
210 208
208 315
315 208
208 313
313 208
208 312
312 208
208 212
212 208
209 225
225 209
209 223
223 209
209 238
238 209
209 217
217 209
209 218
218 209
210 214
214 210
210 315
315 210
210 316
316 210
210 212
212 210
211 268
268 211
211 335
335 211
211 266
266 211
211 224
224 211
212 214
214 212
212 215
215 212
212 236
236 212
212 237
237 212
213 216
216 213
213 227
227 213
213 310
310 213
213 265
265 213
214 219
219 214
214 215
215 214
214 317
317 214
214 316
316 214
215 219
219 215
215 221
221 215
215 236
236 215
216 220
220 216
216 227
227 216
216 265
265 216
217 223
223 217
217 222
222 217
218 225
225 218
218 224
224 218
219 221
221 219
219 317
317 219
219 231
231 219
220 226
226 220
220 227
227 220
220 265
265 220
221 230
230 221
221 231
231 221
221 236
236 221
222 235
235 222
222 253
253 222
222 223
223 222
223 235
235 223
223 238
238 223
224 239
239 224
224 225
225 224
224 247
247 224
224 259
259 224
224 266
266 224
225 259
259 225
225 238
238 225
226 229
229 226
226 228
228 226
226 227
227 226
226 265
265 226
227 229
229 227
227 232
232 227
227 234
234 227
228 229
229 228
228 233
233 228
228 265
265 228
229 232
232 229
229 233
233 229
230 231
231 230
230 241
241 230
230 236
236 230
231 242
242 231
231 317
317 231
231 241
241 231
232 244
244 232
232 240
240 232
232 234
234 232
232 233
233 232
233 246
246 233
233 240
240 233
233 245
245 233
233 348
348 233
233 265
265 233
234 244
244 234
234 237
237 234
235 253
253 235
235 238
238 235
236 351
351 236
236 241
241 236
236 257
257 236
236 237
237 236
237 244
244 237
237 249
249 237
237 351
351 237
238 258
258 238
238 253
253 238
238 259
259 238
239 247
247 239
239 260
260 239
239 259
259 239
240 246
246 240
240 251
251 240
240 244
244 240
240 255
255 240
241 242
242 241
241 257
257 241
242 243
243 242
242 318
318 242
242 317
317 242
242 257
257 242
243 318
318 243
243 257
257 243
244 249
249 244
244 255
255 244
245 246
246 245
245 250
250 245
245 348
348 245
246 251
251 246
246 250
250 246
247 349
349 247
247 248
248 247
247 260
260 247
247 266
266 247
248 252
252 248
248 349
349 248
248 266
266 248
249 351
351 249
249 256
256 249
249 255
255 249
249 257
257 249
250 251
251 250
250 254
254 250
250 261
261 250
250 348
348 250
251 254
254 251
251 255
255 251
252 262
262 252
252 347
347 252
252 349
349 252
252 266
266 252
253 258
258 253
254 256
256 254
254 255
255 254
254 261
261 254
255 256
256 255
256 257
257 256
257 351
351 257
258 259
259 258
259 260
260 259
260 262
262 260
260 349
349 260
261 262
262 261
261 347
347 261
261 348
348 261
262 347
347 262
262 349
349 262
263 284
284 263
263 283
283 263
265 346
346 265
265 347
347 265
265 310
310 265
265 348
348 265
265 266
266 265
265 267
267 265
266 347
347 266
267 269
269 267
267 310
310 267
268 269
269 268
268 335
335 268
270 273
273 270
270 272
272 270
271 274
274 271
271 273
273 271
272 273
273 272
273 274
274 273
274 275
275 274
275 279
279 275
276 280
280 276
277 278
278 277
280 345
345 280
280 333
333 280
282 313
313 282
282 314
314 282
282 283
283 282
282 311
311 282
283 284
284 283
283 285
285 283
283 311
311 283
284 286
286 284
284 285
285 284
285 286
286 285
285 303
303 285
285 292
292 285
285 302
302 285
285 311
311 285
286 287
287 286
286 302
302 286
287 308
308 287
287 302
302 287
288 300
300 288
288 290
290 288
288 289
289 288
288 299
299 288
288 298
298 288
288 353
353 288
289 305
305 289
289 297
297 289
289 290
290 289
289 307
307 289
289 298
298 289
290 300
300 290
290 306
306 290
290 307
307 290
291 293
293 291
291 296
296 291
291 294
294 291
291 303
303 291
292 293
293 292
292 294
294 292
292 303
303 292
292 311
311 292
293 294
294 293
293 303
303 293
294 296
296 294
294 300
300 294
294 295
295 294
295 300
300 295
295 299
299 295
296 300
300 296
296 306
306 296
296 303
303 296
297 305
305 297
297 298
298 297
298 353
353 298
299 300
300 299
300 306
306 300
301 308
308 301
301 306
306 301
301 307
307 301
301 302
302 301
302 308
308 302
302 306
306 302
302 303
303 302
303 306
306 303
304 305
305 304
304 307
307 304
305 307
307 305
306 307
307 306
309 352
352 309
311 318
318 311
311 319
319 311
311 314
314 311
311 316
316 311
312 313
313 312
313 315
315 313
313 314
314 313
314 315
315 314
314 316
316 314
315 316
316 315
316 319
319 316
316 317
317 316
317 318
318 317
317 319
319 317
318 319
319 318
321 324
324 321
321 322
322 321
321 323
323 321
322 324
324 322
322 323
323 322
323 324
324 323
323 353
353 323
325 331
331 325
325 329
329 325
326 329
329 326
326 330
330 326
327 331
331 327
327 329
329 327
327 330
330 327
327 328
328 327
328 330
330 328
328 354
354 328
329 331
331 329
329 330
330 329
330 354
354 330
333 345
345 333
333 344
344 333
333 334
334 333
333 342
342 333
334 344
344 334
334 341
341 334
334 342
342 334
334 343
343 334
335 338
338 335
335 340
340 335
335 339
339 335
336 338
338 336
336 341
341 336
336 340
340 336
336 342
342 336
336 337
337 336
337 342
342 337
338 340
340 338
339 340
340 339
340 341
341 340
341 342
342 341
343 344
344 343
344 345
345 344
346 347
347 346
346 348
348 346
347 348
348 347
350 353
353 350
