0 2
2 0
0 4
4 0
0 1
1 0
1 3
3 1
1 2
2 1
1 6
6 1
2 3
3 2
2 5
5 2
2 4
4 2
3 289
289 3
3 12
12 3
3 5
5 3
3 6
6 3
4 8
8 4
4 9
9 4
4 5
5 4
4 21
21 4
4 11
11 4
4 27
27 4
5 12
12 5
5 11
11 5
6 289
289 6
6 322
322 6
6 15
15 6
6 346
346 6
7 10
10 7
7 289
289 7
7 12
12 7
7 346
346 7
8 9
9 8
8 21
21 8
8 14
14 8
9 14
14 9
9 11
11 9
10 12
12 10
10 13
13 10
10 346
346 10
11 17
17 11
11 12
12 11
11 14
14 11
12 17
17 12
12 18
18 12
12 289
289 12
12 13
13 12
13 18
18 13
13 20
20 13
13 346
346 13
14 17
17 14
14 21
21 14
14 24
24 14
15 16
16 15
15 19
19 15
15 322
322 15
15 342
342 15
15 22
22 15
16 19
19 16
16 25
25 16
16 35
35 16
16 22
22 16
17 18
18 17
17 24
24 17
17 78
78 17
18 20
20 18
18 78
78 18
19 26
26 19
19 25
25 19
19 342
342 19
20 337
337 20
20 346
346 20
20 78
78 20
21 31
31 21
21 24
24 21
21 27
27 21
22 23
23 22
22 35
35 22
22 30
30 22
23 50
50 23
23 76
76 23
23 35
35 23
23 30
30 23
24 31
31 24
24 78
78 24
25 26
26 25
25 47
47 25
25 35
35 25
26 28
28 26
26 47
47 26
26 342
342 26
27 31
31 27
27 42
42 27
27 69
69 27
28 33
33 28
28 47
47 28
28 342
342 28
29 32
32 29
29 40
40 29
29 332
332 29
29 30
30 29
30 38
38 30
30 32
32 30
30 76
76 30
30 332
332 30
31 42
42 31
31 78
78 31
32 38
38 32
32 40
40 32
33 44
44 33
33 47
47 33
33 342
342 33
34 36
36 34
34 41
41 34
34 47
47 34
34 35
35 34
35 36
36 35
35 43
43 35
35 39
39 35
35 46
46 35
35 37
37 35
35 50
50 35
35 47
47 35
36 45
45 36
36 37
37 36
36 41
41 36
37 48
48 37
37 45
45 37
37 39
39 37
38 51
51 38
38 58
58 38
38 40
40 38
38 76
76 38
39 52
52 39
39 48
48 39
39 43
43 39
40 58
58 40
40 53
53 40
40 64
64 40
40 332
332 40
41 54
54 41
41 45
45 41
41 49
49 41
41 47
47 41
42 78
78 42
42 69
69 42
43 52
52 43
43 55
55 43
43 46
46 43
44 341
341 44
44 47
47 44
44 336
336 44
44 342
342 44
45 56
56 45
45 48
48 45
45 54
54 45
46 57
57 46
46 55
55 46
46 61
61 46
46 50
50 46
47 49
49 47
47 60
60 47
47 70
70 47
47 341
341 47
47 89
89 47
48 56
56 48
48 62
62 48
48 52
52 48
48 59
59 48
49 54
54 49
49 60
60 49
50 61
61 50
50 76
76 50
51 58
58 51
51 85
85 51
51 82
82 51
51 76
76 51
52 62
62 52
52 55
55 52
53 64
64 53
53 332
332 53
54 56
56 54
54 63
63 54
54 66
66 54
54 60
60 54
55 57
57 55
55 62
62 55
55 65
65 55
56 59
59 56
56 66
66 56
57 67
67 57
57 65
65 57
57 61
61 57
58 85
85 58
58 64
64 58
58 88
88 58
59 68
68 59
59 62
62 59
59 72
72 59
59 66
66 59
60 63
63 60
60 70
70 60
61 67
67 61
61 71
71 61
61 90
90 61
61 76
76 61
62 72
72 62
62 65
65 62
63 66
66 63
63 73
73 63
63 75
75 63
63 70
70 63
64 88
88 64
64 332
332 64
64 333
333 64
65 74
74 65
65 67
67 65
65 77
77 65
65 72
72 65
66 68
68 66
66 75
75 66
66 79
79 66
67 77
77 67
67 71
71 67
68 72
72 68
68 79
79 68
69 87
87 69
69 78
78 69
69 123
123 69
70 73
73 70
70 89
89 70
71 77
77 71
71 80
80 71
71 90
90 71
72 81
81 72
72 74
74 72
72 79
79 72
73 75
75 73
73 89
89 73
74 81
81 74
74 77
77 74
74 83
83 74
75 79
79 75
75 89
89 75
76 82
82 76
76 90
90 76
77 84
84 77
77 80
80 77
77 83
83 77
78 339
339 78
78 87
87 78
78 338
338 78
78 337
337 78
79 81
81 79
79 83
83 79
79 89
89 79
80 84
84 80
80 90
90 80
80 86
86 80
81 83
83 81
82 85
85 82
82 90
90 82
82 331
331 82
83 84
84 83
83 89
89 83
83 141
141 83
84 86
86 84
84 141
141 84
85 88
88 85
85 331
331 85
86 92
92 86
86 90
90 86
86 141
141 86
86 335
335 86
87 115
115 87
87 99
99 87
87 107
107 87
87 93
93 87
87 338
338 87
87 123
123 87
88 333
333 88
88 331
331 88
89 341
341 89
89 91
91 89
89 340
340 89
89 141
141 89
90 92
92 90
90 331
331 90
91 114
114 91
91 137
137 91
91 133
133 91
91 121
121 91
91 102
102 91
91 340
340 91
91 141
141 91
92 331
331 92
92 335
335 92
93 101
101 93
93 99
99 93
93 94
94 93
93 338
338 93
94 103
103 94
94 101
101 94
94 95
95 94
94 338
338 94
95 103
103 95
95 104
104 95
95 96
96 95
95 338
338 95
96 104
104 96
96 105
105 96
96 97
97 96
96 338
338 96
96 340
340 96
97 105
105 97
97 98
98 97
97 340
340 97
98 106
106 98
98 105
105 98
98 100
100 98
98 340
340 98
99 101
101 99
99 107
107 99
100 106
106 100
100 108
108 100
100 102
102 100
100 340
340 100
101 109
109 101
101 103
103 101
101 110
110 101
101 107
107 101
102 108
108 102
102 116
116 102
102 114
114 102
102 135
135 102
102 340
340 102
103 104
104 103
103 110
110 103
104 105
105 104
104 110
110 104
104 111
111 104
105 106
106 105
105 112
112 105
105 111
111 105
106 113
113 106
106 108
108 106
107 109
109 107
107 117
117 107
107 115
115 107
108 116
116 108
109 110
110 109
109 117
117 109
110 118
118 110
110 119
119 110
110 117
117 110
110 111
111 110
111 119
119 111
111 120
120 111
111 112
112 111
112 113
113 112
112 120
120 112
112 122
122 112
113 122
122 113
113 116
116 113
114 121
121 114
114 135
135 114
115 117
117 115
115 125
125 115
115 123
123 115
116 122
122 116
116 124
124 116
116 135
135 116
117 118
118 117
117 125
125 117
118 119
119 118
118 126
126 118
118 127
127 118
118 125
125 118
119 120
120 119
119 127
127 119
120 128
128 120
120 122
122 120
120 127
127 120
121 137
137 121
121 135
135 121
122 128
128 122
122 129
129 122
122 124
124 122
122 130
130 122
123 125
125 123
123 131
131 123
123 155
155 123
123 165
165 123
124 130
130 124
124 139
139 124
124 135
135 124
125 126
126 125
125 131
131 125
126 127
127 126
126 132
132 126
126 131
131 126
127 128
128 127
127 132
132 127
127 134
134 127
128 129
129 128
128 134
134 128
129 130
130 129
129 134
134 129
130 134
134 130
130 139
139 130
131 132
132 131
131 155
155 131
131 152
152 131
132 134
134 132
132 152
152 132
133 138
138 133
133 137
137 133
133 143
143 133
133 141
141 133
134 144
144 134
134 152
152 134
134 139
139 134
135 136
136 135
135 137
137 135
135 139
139 135
135 142
142 135
136 139
139 136
136 142
142 136
137 143
143 137
137 142
142 137
138 143
143 138
138 347
347 138
138 141
141 138
139 140
140 139
139 144
144 139
139 142
142 139
140 146
146 140
140 144
144 140
140 142
142 140
141 347
347 141
141 287
287 141
141 335
335 141
142 149
149 142
142 146
146 142
142 147
147 142
142 150
150 142
142 143
143 142
142 151
151 142
143 347
347 143
143 151
151 143
144 146
146 144
144 153
153 144
144 152
152 144
145 159
159 145
145 166
166 145
145 334
334 145
145 330
330 145
145 188
188 145
146 147
147 146
146 153
153 146
147 149
149 147
147 153
153 147
147 157
157 147
148 286
286 148
148 154
154 148
148 288
288 148
148 287
287 148
149 150
150 149
149 157
157 149
150 157
157 150
150 151
151 150
151 162
162 151
151 157
157 151
151 347
347 151
151 163
163 151
151 288
288 151
151 186
186 151
151 194
194 151
152 153
153 152
152 161
161 152
152 155
155 152
153 158
158 153
153 161
161 153
153 157
157 153
154 286
286 154
154 160
160 154
154 288
288 154
154 171
171 154
154 335
335 154
155 161
161 155
155 165
165 155
156 160
160 156
156 329
329 156
156 159
159 156
156 166
166 156
156 330
330 156
157 158
158 157
157 163
163 157
158 161
161 158
158 168
168 158
158 163
163 158
159 166
166 159
159 330
330 159
160 167
167 160
160 329
329 160
160 171
171 160
160 166
166 160
160 335
335 160
161 170
170 161
161 168
168 161
161 165
165 161
162 164
164 162
162 288
288 162
162 186
186 162
163 168
168 163
163 194
194 163
164 288
288 164
164 171
171 164
164 178
178 164
164 186
186 164
165 170
170 165
165 185
185 165
165 180
180 165
165 182
182 165
165 179
179 165
165 320
320 165
166 167
167 166
166 172
172 166
166 188
188 166
167 181
181 167
167 172
172 167
167 171
171 167
167 188
188 167
168 170
170 168
168 175
175 168
168 194
194 168
169 184
184 169
169 173
173 169
169 176
176 169
169 177
177 169
169 174
174 169
170 175
175 170
170 180
180 170
171 181
181 171
171 288
288 171
171 178
178 171
172 188
188 172
173 177
177 173
173 174
174 173
174 177
177 174
174 321
321 174
174 320
320 174
175 180
180 175
175 194
194 175
176 184
184 176
176 183
183 176
176 187
187 176
176 177
177 176
177 187
187 177
177 192
192 177
177 321
321 177
178 181
181 178
178 190
190 178
178 195
195 178
178 199
199 178
178 186
186 178
179 182
182 179
179 320
320 179
180 193
193 180
180 189
189 180
180 185
185 180
180 194
194 180
181 199
199 181
181 188
188 181
182 185
185 182
182 198
198 182
182 204
204 182
183 184
184 183
183 191
191 183
183 187
187 183
184 191
191 184
184 206
206 184
185 189
189 185
185 198
198 185
186 190
190 186
186 205
205 186
186 194
194 186
187 191
191 187
187 196
196 187
187 192
192 187
188 202
202 188
188 199
199 188
188 324
324 188
188 326
326 188
188 221
221 188
189 193
193 189
189 197
197 189
189 198
198 189
190 195
195 190
190 205
205 190
191 201
201 191
191 206
206 191
191 196
196 191
192 196
196 192
192 321
321 192
192 218
218 192
193 200
200 193
193 197
197 193
193 194
194 193
194 200
200 194
194 203
203 194
194 205
205 194
195 209
209 195
195 202
202 195
195 199
199 195
195 205
205 195
196 201
201 196
196 220
220 196
196 214
214 196
196 218
218 196
197 200
200 197
197 198
198 197
197 222
222 197
198 204
204 198
198 222
222 198
199 202
202 199
200 203
203 200
200 222
222 200
201 206
206 201
201 214
214 201
202 209
209 202
202 221
221 202
203 205
205 203
203 224
224 203
203 222
222 203
204 207
207 204
204 210
210 204
204 222
222 204
205 208
208 205
205 209
209 205
205 224
224 205
206 314
314 206
206 214
214 206
207 210
210 207
207 215
215 207
207 211
211 207
208 209
209 208
208 224
224 208
208 221
221 208
209 221
221 209
210 215
215 210
210 222
222 210
211 215
215 211
211 307
307 211
211 310
310 211
211 218
218 211
212 213
213 212
212 217
217 212
212 220
220 212
212 218
218 212
213 219
219 213
213 217
217 213
213 220
220 213
214 220
220 214
214 314
314 214
214 223
223 214
215 216
216 215
215 307
307 215
215 305
305 215
215 222
222 215
216 305
305 216
216 343
343 216
216 222
222 216
217 219
219 217
217 226
226 217
217 218
218 217
218 220
220 218
218 302
302 218
218 317
317 218
218 303
303 218
218 321
321 218
218 226
226 218
218 315
315 218
218 310
310 218
218 320
320 218
219 220
220 219
219 226
226 219
220 226
226 220
220 223
223 220
221 228
228 221
221 229
229 221
221 323
323 221
221 326
326 221
221 224
224 221
222 304
304 222
222 311
311 222
222 227
227 222
222 233
233 222
222 343
343 222
222 224
224 222
223 314
314 223
223 226
226 223
224 225
225 224
224 228
228 224
224 227
227 224
225 228
228 225
225 227
227 225
226 314
314 226
226 317
317 226
226 313
313 226
227 230
230 227
227 228
228 227
227 233
233 227
228 230
230 228
228 229
229 228
229 231
231 229
229 232
232 229
229 230
230 229
229 323
323 229
230 232
232 230
230 233
233 230
231 234
234 231
231 232
232 231
231 235
235 231
231 323
323 231
231 325
325 231
232 236
236 232
232 235
235 232
232 233
233 232
233 236
236 233
233 311
311 233
233 237
237 233
233 242
242 233
233 301
301 233
234 238
238 234
234 241
241 234
234 240
240 234
234 325
325 234
235 246
246 235
235 236
236 235
236 251
251 236
236 246
246 236
236 242
242 236
237 239
239 237
237 243
243 237
237 242
242 237
237 285
285 237
237 301
301 237
238 235
235 238
238 241
241 238
239 244
244 239
239 247
247 239
239 243
243 239
239 242
242 239
240 245
245 240
240 325
325 240
241 235
235 241
242 244
244 242
242 254
254 242
242 255
255 242
242 251
251 242
243 247
247 243
243 252
252 243
243 327
327 243
243 285
285 243
244 247
247 244
244 255
255 244
245 249
249 245
245 253
253 245
245 277
277 245
245 272
272 245
246 250
250 246
246 251
251 246
246 248
248 246
246 249
249 246
246 253
253 246
247 255
255 247
247 257
257 247
247 252
252 247
248 250
250 248
248 251
251 248
249 253
253 249
250 251
251 250
250 258
258 250
250 256
256 250
250 253
253 250
252 257
257 252
252 284
284 252
252 327
327 252
253 256
256 253
253 272
272 253
254 255
255 254
254 251
251 254
254 260
260 254
255 261
261 255
255 257
257 255
255 260
260 255
256 258
258 256
256 272
272 256
257 261
261 257
257 262
262 257
257 284
284 257
258 251
251 258
258 260
260 258
258 272
272 258
259 263
263 259
259 266
266 259
259 328
328 259
259 264
264 259
259 344
344 259
259 345
345 259
260 261
261 260
260 251
251 260
260 262
262 260
260 272
272 260
261 262
262 261
262 284
284 262
262 272
272 262
263 265
265 263
263 282
282 263
263 266
266 263
263 328
328 263
264 269
269 264
264 266
266 264
264 267
267 264
264 297
297 264
264 345
345 264
265 268
268 265
265 282
282 265
265 266
266 265
266 270
270 266
266 269
269 266
266 268
268 266
266 276
276 266
267 269
269 267
267 290
290 267
267 297
297 267
268 271
271 268
268 281
281 268
268 282
282 268
268 276
276 268
269 290
290 269
269 276
276 269
270 276
276 270
271 273
273 271
271 281
281 271
271 276
276 271
272 283
283 272
272 284
284 272
272 277
277 272
273 274
274 273
273 281
281 273
273 280
280 273
273 276
276 273
274 275
275 274
274 280
280 274
274 276
276 274
275 278
278 275
275 280
280 275
275 276
276 275
276 279
279 276
276 278
278 276
276 290
290 276
277 279
279 277
277 278
278 277
277 283
283 277
277 280
280 277
278 279
279 278
278 280
280 278
280 281
281 280
280 283
283 280
280 284
284 280
281 284
284 281
281 327
327 281
281 282
282 281
282 327
327 282
282 328
328 282
282 285
285 282
283 284
284 283
284 327
327 284
285 327
327 285
285 328
328 285
285 301
301 285
285 344
344 285
286 287
287 286
286 335
335 286
287 347
347 287
287 288
288 287
287 335
335 287
288 347
347 288
289 346
346 289
290 292
292 290
290 291
291 290
290 293
293 290
290 314
314 290
290 294
294 290
290 297
297 290
291 293
293 291
291 299
299 291
291 300
300 291
291 297
297 291
292 293
293 292
292 294
294 292
292 300
300 292
293 300
300 293
294 319
319 294
294 312
312 294
294 314
314 294
294 295
295 294
294 300
300 294
294 318
318 294
295 300
300 295
295 318
318 295
295 316
316 295
295 298
298 295
296 309
309 296
296 308
308 296
296 315
315 296
296 298
298 296
296 345
345 296
297 299
299 297
297 345
345 297
298 299
299 298
298 300
300 298
298 316
316 298
298 315
315 298
298 345
345 298
299 300
300 299
299 345
345 299
301 304
304 301
301 311
311 301
301 343
343 301
301 344
344 301
302 309
309 302
302 303
303 302
302 308
308 302
302 310
310 302
303 309
309 303
303 315
315 303
304 311
311 304
304 343
343 304
305 307
307 305
305 306
306 305
305 343
343 305
306 307
307 306
306 308
308 306
306 310
310 306
306 343
343 306
307 310
310 307
308 309
309 308
308 310
310 308
308 343
343 308
308 345
345 308
309 315
315 309
312 319
319 312
312 318
318 312
313 319
319 313
313 314
314 313
313 317
317 313
313 318
318 313
313 316
316 313
314 319
319 314
315 317
317 315
315 316
316 315
316 317
317 316
316 318
318 316
318 319
319 318
320 321
321 320
322 342
342 322
322 346
346 322
323 325
325 323
323 326
326 323
324 325
325 324
324 326
326 324
325 326
326 325
328 344
344 328
329 330
330 329
329 331
331 329
329 335
335 329
330 334
334 330
330 333
333 330
330 331
331 330
331 333
333 331
331 335
335 331
332 334
334 332
332 333
333 332
333 334
334 333
336 341
341 336
336 337
337 336
336 342
342 336
336 346
346 336
336 340
340 336
337 339
339 337
337 346
346 337
337 340
340 337
338 339
339 338
338 340
340 338
339 340
340 339
340 341
341 340
342 346
346 342
343 344
344 343
343 345
345 343
344 345
345 344
